31
28,29,15,39,18,17,0,13,1,27,29,37,3,0,7,28,38,2,31,9,9,18,33,32,22,27,31,6,28,7,0
0,1,1,1,1,1,1,2,1,1,2,2,2,2,2,2,0,1,1,1,2,1,2,0,2,1,2,2,1,0,2
17
22,11,19,4,36,37,29,8,33,34,21,23,16,9,29,22,31
2,0,1,0,1,0,0,1,2,1,0,0,0,2,0,2,1
31
36,24,37,11,22,21,20,26,30,5,26,39,33,11,6,9,16,25,20,27,1,0,35,25,28,20,10,39,10,35,38
1,2,1,2,1,0,0,1,2,2,2,2,1,2,1,2,1,1,1,1,1,0,1,0,2,0,0,1,2,2,0
39
11,15,23,18,7,30,20,16,22,36,15,5,7,24,17,24,11,14,25,25,31,9,15,6,16,22,25,20,21,6,13,14,6,8,7,22,28,17,30
2,2,0,2,0,2,1,1,1,2,2,2,0,1,2,2,2,1,2,2,2,1,2,0,2,2,2,2,2,1,2,1,2,2,2,2,2,2,2
19
0,29,2,13,29,3,17,36,24,0,14,8,14,23,3,11,36,36,5
2,2,1,1,2,2,0,0,1,0,1,0,0,0,0,2,2,1,2
37
8,34,19,34,17,16,23,2,31,34,37,12,24,8,3,13,36,33,10,2,27,28,8,2,24,33,11,8,14,39,24,4,10,33,23,14,37
0,2,2,0,0,1,0,2,1,1,0,2,0,1,2,0,2,2,1,2,1,0,1,1,1,2,2,0,1,2,0,1,0,1,0,0,1
28
12,28,11,38,1,31,12,26,16,39,30,33,23,34,5,18,29,6,9,31,33,27,14,29,36,28,21,3
1,2,2,0,2,2,2,0,1,2,2,2,1,2,2,1,0,2,2,2,2,0,0,2,2,0,2,2
25
31,1,13,19,21,10,26,2,16,27,28,20,15,36,19,5,18,4,2,0,37,14,33,34,24
2,1,1,2,0,0,0,0,1,1,0,2,1,2,2,1,1,0,1,1,0,1,1,1,1
35
1,23,7,10,12,16,7,20,17,29,17,30,37,31,10,24,32,37,7,10,21,23,16,11,31,14,15,21,27,19,32,9,39,31,32
0,0,0,0,0,0,0,1,1,1,0,1,0,2,1,0,2,0,0,1,0,0,1,1,2,0,2,0,0,1,1,2,1,0,0
37
11,12,24,18,35,7,28,31,17,5,17,18,21,36,31,2,27,9,34,28,14,32,6,11,29,20,30,23,19,36,3,27,19,23,31,35,33
2,2,2,0,1,0,2,1,2,2,2,0,0,2,1,0,2,1,2,0,0,2,1,2,1,1,2,0,2,0,2,0,2,0,2,2,1
17
13,15,9,28,9,11,29,0,4,19,7,11,0,19,27,36,36
0,1,2,0,2,1,1,0,2,0,0,0,0,1,0,0,0
33
13,11,19,23,33,24,28,38,30,22,37,19,22,15,7,20,0,7,28,31,37,4,21,33,0,25,9,29,17,16,25,7,39
1,0,2,1,1,2,1,0,2,1,0,2,1,2,2,1,0,0,0,2,1,1,0,2,1,0,2,0,0,0,0,0,1
29
20,18,28,24,32,31,34,37,25,10,34,7,13,9,1,8,2,20,25,7,1,5,27,28,25,24,11,4,33
1,0,0,1,1,2,2,1,2,1,2,0,2,2,0,0,1,0,0,0,1,2,2,0,1,0,2,0,2
39
29,10,6,30,9,38,12,30,6,35,19,3,6,0,12,21,20,21,27,8,25,8,14,9,23,7,23,15,25,26,36,3,23,18,35,38,9,24,17
0,0,0,0,0,0,0,1,0,0,0,0,0,0,0,0,0,0,0,0,0,0,0,0,0,0,0,0,1,1,0,0,0,0,0,0,1,0,1
19
26,31,20,7,37,7,2,2,21,5,1,22,1,37,16,34,33,22,29
0,1,0,1,0,0,0,0,0,1,0,0,1,0,0,0,2,0,0
38
0,29,20,19,5,21,17,7,38,31,32,15,11,37,33,13,35,32,22,1,20,1,26,8,0,10,2,22,25,3,17,5,34,21,14,21,36,11
1,0,1,1,2,0,2,0,0,0,0,0,1,0,2,0,2,0,2,1,0,0,1,0,0,0,0,1,0,0,0,2,1,1,0,0,0,1
20
31,28,1,22,18,30,4,18,33,9,24,1,10,30,14,8,22,18,8,34
0,0,0,0,0,2,0,0,0,1,0,0,1,2,0,0,2,0,0,1
21
36,21,4,1,26,20,37,14,20,9,22,38,4,0,12,20,25,20,17,36,31
1,0,0,1,2,0,1,0,0,2,2,0,0,1,2,2,2,2,1,1,2
15
9,39,20,27,10,33,7,21,7,14,16,22,23,18,4
2,0,1,0,0,2,0,0,0,1,0,1,0,0,0
21
27,4,4,29,31,7,9,37,31,27,16,30,7,39,24,8,1,14,2,35,3
0,0,0,0,2,0,1,1,1,0,0,2,0,0,0,1,0,0,0,1,0
36
29,19,20,31,20,34,31,29,38,11,17,20,12,20,7,39,6,22,31,10,21,21,24,21,27,28,12,17,1,28,20,14,26,30,14,22
2,2,1,2,1,2,2,2,1,2,2,0,2,0,0,2,2,2,2,2,0,1,2,1,0,1,2,2,0,2,0,2,1,2,1,2
33
30,5,18,36,3,3,19,9,23,34,25,36,37,20,39,38,20,9,37,3,19,16,6,3,28,13,2,23,36,15,3,23,33
2,2,0,0,2,0,2,2,1,1,2,1,0,0,2,0,0,0,1,2,2,0,0,2,0,0,1,2,1,2,2,0,2
24
2,12,29,5,16,18,34,25,4,28,36,19,20,9,4,35,5,25,3,38,38,34,0,23
1,2,0,2,0,1,2,2,0,0,0,1,0,2,0,1,2,1,2,0,0,0,0,1
39
20,3,32,26,6,5,14,17,31,10,19,23,14,6,20,25,13,36,20,17,4,2,22,25,36,23,18,24,20,11,32,3,6,21,32,16,23,33,27
1,0,0,0,0,0,0,0,2,1,1,0,0,0,0,0,0,1,0,0,0,0,0,0,0,0,0,0,1,1,1,0,0,1,0,0,0,1,0
15
34,5,38,22,24,18,4,10,11,9,7,23,27,35,36
1,2,0,2,1,0,0,1,1,2,1,0,2,0,0
22
36,31,36,3,29,5,18,31,8,11,10,15,0,20,29,12,33,3,27,37,30,26
1,0,0,2,0,1,2,1,0,2,0,2,2,2,1,1,1,2,1,1,2,0
15
20,34,33,17,10,22,21,16,4,10,29,14,26,34,32
0,1,0,1,0,0,0,0,0,0,1,0,0,0,0
17
13,35,11,16,38,8,34,12,14,17,32,5,26,22,26,33,37
0,2,1,1,0,1,0,1,0,2,0,2,2,2,2,2,2
28
8,18,13,37,35,39,16,29,8,32,24,13,10,34,13,29,3,3,27,7,1,21,15,28,29,11,34,10
2,1,0,0,2,1,0,0,1,1,1,1,0,1,0,0,1,2,0,1,0,0,1,0,1,0,1,0
36
11,2,21,1,23,33,26,0,7,22,37,5,21,24,17,16,11,5,25,26,7,18,0,28,34,39,13,34,19,12,37,7,19,32,25,38
2,1,0,0,1,1,0,0,0,1,0,2,0,1,2,0,1,1,0,0,1,1,0,0,2,2,1,0,2,0,0,0,2,1,0,0
18
17,36,18,27,39,19,32,11,14,38,1,28,9,1,10,12,9,13
1,2,0,1,1,0,1,0,0,0,0,0,1,0,0,0,1,0
39
22,23,37,27,20,17,35,34,8,37,29,33,31,2,2,27,14,22,39,10,31,35,32,23,38,33,27,36,6,3,36,0,0,19,18,28,9,17,27
1,1,2,2,0,2,2,2,2,2,1,1,2,1,2,2,0,2,1,2,2,2,2,0,0,1,2,2,2,2,2,2,2,2,2,1,1,2,2
19
36,12,33,21,22,2,33,31,20,20,10,38,3,0,27,23,34,12,33
1,1,2,1,2,1,2,1,0,0,1,0,1,2,1,0,2,2,0
25
38,27,4,16,19,11,5,16,18,25,31,5,35,37,10,32,23,22,14,26,10,16,13,26,17
0,0,0,0,1,2,0,0,0,0,0,0,0,0,1,0,0,2,1,0,1,0,0,1,1
23
23,34,29,29,34,18,7,25,39,6,29,6,2,0,35,24,36,0,14,36,12,39,7
1,2,2,2,2,0,0,0,1,1,0,1,0,2,2,0,2,1,0,0,1,2,1
16
1,25,12,30,33,38,2,7,22,13,26,28,38,38,0,16
0,2,0,1,1,0,1,0,1,0,0,0,0,0,0,0
38
14,21,29,3,12,22,7,17,11,30,13,33,17,33,10,11,14,30,28,25,17,31,21,37,16,22,23,7,5,4,28,27,10,0,18,8,26,33
0,0,2,2,2,2,1,0,2,2,0,2,2,0,0,2,1,2,1,2,2,1,0,1,1,1,0,1,2,0,0,0,0,0,0,1,1,2
16
15,8,8,37,10,21,32,35,22,33,8,23,7,6,35,17
0,1,0,0,0,0,0,0,1,1,0,0,0,0,0,1
16
21,16,35,13,9,34,24,2,37,16,11,23,28,24,35,25
0,0,1,0,1,2,0,0,0,0,0,0,0,0,1,0
34
11,15,15,35,12,6,35,8,31,10,7,32,22,24,7,21,3,39,2,28,28,33,33,27,12,14,22,25,3,25,39,8,4,31
2,2,1,2,0,1,2,2,2,0,0,2,2,2,0,0,2,2,0,1,0,0,2,1,2,0,1,0,2,0,2,0,2,2
20
37,21,17,13,9,12,30,29,2,29,5,28,7,32,16,10,12,10,30,27
1,0,2,1,2,2,2,1,1,2,1,0,0,0,2,2,1,2,2,2
16
7,12,7,29,31,35,29,0,38,16,19,23,21,28,21,8
1,2,0,1,2,0,2,0,0,1,1,0,0,1,0,2
36
26,33,0,31,24,28,6,2,19,19,29,34,34,38,26,25,13,16,17,28,19,26,17,3,0,0,25,19,22,9,10,4,0,16,21,33
1,1,0,2,1,0,0,2,1,2,2,2,1,0,2,2,0,0,0,0,2,0,2,1,0,1,1,1,2,0,1,1,0,1,0,1
35
22,4,30,5,36,9,39,6,38,37,20,19,2,21,3,27,11,37,35,4,12,22,29,36,24,26,13,35,38,15,21,20,20,7,15
0,0,2,0,1,2,2,0,0,0,0,2,1,0,1,0,1,2,2,0,1,2,2,1,1,2,0,2,0,0,0,2,1,0,1
29
0,16,2,25,14,35,31,31,3,17,18,34,39,13,32,13,33,3,23,28,18,5,32,39,18,0,4,26,15
0,0,1,0,0,0,2,0,0,0,0,1,1,0,0,0,2,1,0,0,0,0,0,0,0,0,0,1,0
36
32,18,21,4,1,29,38,3,32,12,19,6,14,22,13,22,18,28,19,28,23,17,9,7,25,28,9,16,1,5,4,27,4,17,25,19
0,0,0,0,0,0,0,0,0,2,2,0,0,2,0,0,0,0,2,0,0,2,1,0,1,0,1,0,0,2,1,0,0,2,1,2
38
21,35,33,29,24,27,0,3,6,8,35,18,0,9,35,8,31,31,5,37,16,9,26,34,20,24,27,14,3,28,8,26,25,18,27,16,19,39
0,2,0,2,0,0,0,0,2,0,1,0,0,2,1,0,2,1,1,0,1,1,1,1,2,0,0,0,0,0,0,2,2,1,0,1,1,2
20
39,35,36,14,27,17,33,21,10,12,3,21,6,23,3,27,14,0,2,13
0,2,2,0,1,2,2,1,2,2,2,1,0,2,2,1,0,2,0,2
27
31,31,4,35,38,15,32,20,8,5,34,38,21,4,22,16,11,22,15,2,29,21,8,28,36,22,12
2,1,0,2,0,2,1,2,0,2,1,0,0,2,1,1,2,1,1,0,0,0,0,0,2,2,2
23
32,32,18,2,9,39,0,28,33,12,0,33,28,12,28,38,23,25,16,6,12,4,25
1,0,0,0,0,1,0,0,1,0,0,0,0,0,0,0,0,1,0,0,1,0,0
16
14,2,10,29,39,17,1,31,7,21,5,11,39,35,14,27
1,2,1,1,2,1,2,0,0,0,2,2,2,1,0,0
25
31,26,29,1,8,27,30,33,14,24,35,7,8,36,38,31,16,34,36,18,28,6,27,8,27
1,0,0,0,0,0,2,1,1,0,1,0,0,1,0,2,1,2,1,1,0,1,0,0,0
31
37,2,37,2,29,0,29,31,27,20,12,26,35,6,21,9,38,14,14,3,31,22,5,23,19,36,19,11,32,27,7
0,0,0,1,0,0,0,2,0,2,2,0,2,2,0,2,0,0,0,0,2,1,2,0,2,2,1,0,0,0,0
35
10,29,34,21,37,30,13,23,31,35,31,14,34,2,15,4,20,9,18,24,3,28,18,1,9,24,19,18,22,23,10,33,27,4,4
2,2,2,1,1,2,0,0,2,2,2,2,1,1,2,1,1,2,0,1,2,0,1,1,2,2,2,0,2,0,2,2,1,2,1
38
25,29,12,12,1,36,37,1,35,25,10,7,39,21,19,7,28,39,25,29,16,19,15,6,15,26,22,23,8,34,19,36,16,30,7,14,30,29
0,1,1,1,2,2,1,1,2,1,1,0,0,2,1,0,1,2,0,0,0,2,1,2,1,0,2,0,1,2,2,0,2,2,0,2,2,0
37
10,27,31,4,37,9,39,23,34,22,16,0,30,30,33,8,21,12,24,17,11,39,16,14,14,14,38,12,16,31,8,39,19,25,26,20,17
1,1,2,1,2,1,2,0,2,2,1,2,2,2,2,2,0,2,1,2,2,2,1,0,2,0,0,2,1,2,1,2,2,1,2,0,2
26
30,28,4,24,30,20,19,38,21,3,12,19,12,16,35,32,0,14,12,16,23,7,26,22,7,7
2,0,0,0,2,1,1,0,0,1,2,1,1,0,1,1,0,0,0,0,0,0,0,2,0,0
23
0,34,10,33,15,8,31,14,11,32,13,7,7,26,11,0,39,10,38,30,16,32,31
0,2,1,2,0,0,2,0,0,0,0,0,0,0,0,0,1,1,0,1,0,1,1
36
25,35,12,31,16,35,18,34,39,27,0,17,39,32,11,7,23,15,3,37,26,8,15,11,30,23,13,24,33,2,23,8,25,19,39,9
0,1,0,2,1,2,2,1,2,1,0,2,1,0,1,0,0,2,2,2,2,0,1,1,2,1,0,1,2,1,0,0,0,1,0,2
35
27,34,21,39,22,2,39,9,24,7,10,4,36,37,28,4,8,1,0,39,29,10,27,11,38,25,12,7,27,29,8,38,30,20,33
0,1,1,2,2,2,1,2,1,1,2,1,1,1,2,0,1,0,1,2,2,1,0,2,0,1,1,0,2,0,2,0,2,0,2
34
5,5,17,3,16,13,13,12,6,14,18,34,16,34,18,19,35,34,31,39,23,16,6,0,34,31,35,12,5,13,36,14,3,39
0,2,0,1,0,1,0,0,0,1,2,0,1,2,1,2,2,1,2,1,0,0,1,1,0,2,1,1,1,0,2,0,2,1
23
36,9,19,5,2,10,16,31,3,3,16,18,4,31,21,5,34,21,0,19,21,10,12
2,0,2,2,1,0,2,1,2,1,0,0,0,0,0,1,2,1,0,2,0,0,1
34
33,9,34,10,10,20,20,21,6,16,1,11,17,10,15,17,34,25,15,5,11,12,3,38,1,25,26,26,14,7,6,39,11,12
2,2,0,0,1,1,0,0,0,1,0,0,1,0,0,0,0,0,0,0,1,1,1,0,0,0,0,0,0,0,0,0,1,0
36
28,35,21,35,8,38,18,37,5,14,19,8,31,3,17,4,19,22,10,36,21,3,28,33,12,8,30,6,3,18,29,30,34,20,30,18
1,1,0,1,0,0,0,0,0,0,0,0,0,1,0,0,1,1,0,0,0,1,0,1,0,0,0,2,0,0,1,2,1,0,0,0
39
31,9,39,32,12,36,15,21,19,26,15,33,31,25,24,1,11,39,8,11,25,8,9,31,33,19,38,1,0,35,23,26,1,30,13,1,28,14,11
2,1,0,1,2,2,1,1,2,0,2,2,2,2,2,1,1,2,1,2,1,2,1,2,1,2,0,0,1,2,1,0,0,2,2,1,1,0,2
37
39,13,14,32,30,34,16,27,18,22,31,39,12,19,34,4,8,28,5,24,30,21,1,4,26,24,7,0,19,22,31,10,38,23,10,28,25
0,2,1,1,2,2,2,2,2,2,2,2,2,2,2,0,2,1,2,0,2,1,2,0,2,2,0,1,2,2,2,1,0,1,2,2,2
29
30,13,10,25,26,10,37,33,18,5,37,27,0,34,39,7,6,10,38,3,24,11,25,37,11,36,23,15,12
2,1,0,1,0,1,0,1,2,1,0,0,2,1,0,0,1,0,0,2,1,1,0,0,2,0,0,1,1
34
37,22,24,6,21,16,17,9,9,6,37,26,32,0,33,3,16,3,25,3,0,6,29,8,34,7,23,18,35,26,31,13,17,27
1,2,0,1,0,0,2,2,2,2,0,1,2,2,2,2,2,1,2,2,1,2,0,1,2,0,2,2,2,2,2,0,2,0
37
28,32,14,1,38,17,2,6,17,37,36,32,30,10,3,17,3,33,28,23,21,1,5,24,20,15,30,13,38,27,31,27,8,21,31,4,22
1,0,1,1,0,2,0,0,2,0,1,1,2,2,2,1,1,2,0,0,0,1,2,0,0,0,2,1,0,1,2,0,0,0,2,0,2
39
16,25,13,35,22,5,4,24,17,12,13,27,17,27,26,31,8,39,31,19,27,32,3,33,2,25,7,5,15,23,38,29,12,4,24,19,17,17,1
0,0,0,2,2,1,0,1,0,1,2,0,1,0,1,2,0,0,2,1,0,0,1,0,0,2,1,1,0,0,0,1,0,0,1,2,0,1,0
22
20,24,0,5,22,22,22,31,29,12,17,22,14,32,20,38,22,26,17,23,39,6
2,1,0,2,2,2,2,2,1,0,1,2,1,1,0,0,2,0,2,0,2,2
37
34,32,23,18,17,23,34,0,35,24,33,24,15,33,28,18,22,18,24,15,8,0,18,32,33,15,39,17,33,24,5,20,5,31,38,30,9
2,1,0,1,2,0,2,2,2,2,0,1,2,2,1,2,2,2,2,2,1,2,0,1,2,2,1,1,2,1,2,1,2,2,0,2,2
22
38,20,22,28,13,25,4,30,24,30,19,16,1,24,12,38,27,5,2,34,17,10
0,1,1,0,0,0,1,2,0,2,2,1,0,2,1,0,0,1,0,1,1,1
24
16,12,6,26,9,33,35,24,5,23,17,22,5,28,24,16,23,10,25,33,27,2,10,37
0,2,0,2,2,2,2,1,2,2,2,2,1,2,2,2,0,2,2,2,0,1,2,2
15
35,36,16,34,4,31,2,34,13,30,30,16,23,22,17
0,1,0,1,0,1,0,0,1,0,1,0,0,0,0
15
33,14,13,28,33,17,6,28,30,24,37,13,7,26,1
1,1,1,0,2,2,0,2,2,1,1,0,1,1,1
20
16,38,24,4,4,19,15,36,39,8,4,1,8,35,21,21,21,33,28,37
1,0,1,0,1,2,0,0,2,1,0,1,2,1,0,0,0,2,0,0
31
36,38,16,14,17,22,29,33,3,2,6,17,6,39,5,21,0,3,28,20,25,13,8,11,5,19,23,26,37,7,0
2,0,0,0,1,0,0,1,1,2,1,2,1,2,1,0,2,1,0,1,2,1,0,1,0,2,0,2,0,0,0
35
15,39,25,15,27,0,35,9,16,22,6,6,14,33,3,13,13,15,6,31,18,1,9,16,36,11,5,21,31,19,0,5,18,17,5
1,0,0,2,2,0,0,1,0,2,0,2,0,2,1,1,0,2,0,1,2,1,2,1,2,0,1,0,2,2,0,2,1,1,0
24
11,15,31,14,26,27,16,1,35,6,12,14,24,22,21,25,32,10,9,24,36,37,23,39
0,0,0,0,0,0,0,0,0,0,0,0,0,0,0,0,0,0,0,0,0,0,0,0
34
8,12,14,26,14,27,36,18,25,25,24,25,25,27,17,31,2,1,32,18,16,32,11,2,25,34,7,35,6,35,15,23,0,24
0,1,0,1,0,0,0,1,1,0,0,1,1,0,2,2,2,0,0,1,0,1,1,0,0,1,0,0,2,1,1,0,0,0
28
2,11,39,1,35,13,15,18,33,5,12,35,21,17,11,29,39,6,31,18,5,19,26,36,6,4,10,14
1,1,2,1,2,0,1,0,1,2,2,2,0,2,2,2,1,0,0,1,1,2,1,1,1,0,1,1
18
17,4,18,1,11,16,9,33,5,7,10,11,8,1,7,10,35,9
2,0,2,2,2,2,2,2,1,0,2,2,1,2,1,2,2,2
20
16,37,23,9,7,20,5,20,38,23,32,17,27,31,11,26,9,31,25,24
0,0,0,2,0,0,1,1,0,0,0,1,0,2,1,0,0,1,0,1
25
1,25,35,32,12,39,24,3,18,17,36,29,18,22,15,0,11,23,33,7,17,4,25,29,12
0,0,1,0,1,2,1,1,1,1,0,0,1,1,0,0,1,0,1,0,1,0,0,1,0
21
39,27,31,34,14,35,20,5,0,3,10,25,36,22,28,20,26,38,39,12,22
2,0,2,2,1,1,0,1,0,0,0,0,1,2,0,2,0,0,1,1,0
20
3,32,6,7,36,9,14,37,14,4,28,18,9,11,3,30,17,15,39,35
2,1,2,0,2,2,2,0,0,1,0,1,2,2,2,1,1,2,1,2
30
26,23,34,38,25,37,22,21,3,8,3,6,22,1,23,39,30,30,39,33,23,25,15,12,14,26,3,15,29,29
2,0,0,0,1,0,2,0,2,0,2,1,1,2,0,1,2,2,1,1,0,0,2,1,0,0,2,2,1,2
24
12,38,4,9,9,37,26,20,7,0,27,38,13,20,29,20,8,16,4,30,39,37,18,35
1,0,0,2,2,2,0,0,1,1,0,0,0,2,0,0,1,0,0,1,2,1,0,1
24
20,34,39,2,24,37,19,33,20,22,5,12,22,8,16,1,18,18,6,19,8,16,26,1
1,2,2,2,1,1,2,2,0,2,2,1,2,0,1,1,1,2,1,2,2,0,1,1
23
14,27,23,34,21,26,18,11,19,0,20,0,9,31,38,21,17,31,26,27,17,38,28
0,0,1,2,0,0,0,2,2,0,1,1,2,2,0,0,2,1,0,0,0,0,0
29
23,24,0,6,30,11,4,37,11,38,17,1,9,14,29,16,3,6,30,38,33,5,37,33,14,13,5,36,31
0,0,2,0,2,2,1,1,1,0,1,1,2,1,1,1,2,2,2,0,1,1,1,1,1,2,2,2,2
31
35,39,34,16,1,12,1,27,25,21,2,34,11,23,4,19,38,38,12,11,12,9,32,39,15,34,2,4,25,10,6
0,1,2,0,0,0,0,1,0,0,0,1,1,0,0,0,0,0,0,2,1,1,0,0,1,0,1,0,1,0,1
33
30,9,14,17,22,32,15,37,34,33,27,1,29,12,15,4,27,38,19,23,26,29,26,25,6,37,4,22,27,33,14,31,25
2,2,1,2,1,0,1,1,2,2,2,0,0,1,0,0,0,0,2,0,1,0,1,1,1,0,0,0,0,2,1,1,1
24
11,35,20,5,2,9,4,25,20,25,37,25,7,4,14,15,0,15,36,2,30,12,15,20
2,2,0,1,0,2,0,0,1,0,0,1,0,0,0,1,0,1,1,1,2,1,2,0
19
21,6,22,39,28,15,37,27,37,30,13,32,8,26,23,12,25,28,27
0,0,2,0,0,0,0,0,1,2,0,0,0,1,0,0,1,0,0
26
21,36,19,38,23,19,0,0,16,0,29,2,10,23,21,25,12,0,23,9,34,23,27,35,15,39
0,1,2,0,0,2,1,0,1,0,2,0,0,0,0,0,2,0,1,1,2,1,0,2,1,2
27
0,34,29,35,24,15,18,0,4,21,23,36,35,35,3,35,17,15,17,21,1,20,35,38,38,28,25
1,2,1,2,2,0,1,1,2,2,0,0,2,1,2,2,1,2,1,0,0,1,2,0,0,1,2
15
35,35,17,8,28,13,24,14,5,28,14,28,3,17,38
1,2,1,1,0,0,2,0,2,2,0,0,2,2,0
26
33,4,4,30,8,31,32,2,29,11,28,2,25,29,8,25,1,2,3,24,12,38,34,22,8,1
0,0,0,2,2,1,1,0,1,2,0,0,1,0,0,1,2,0,2,0,1,0,2,2,1,0
32
20,35,39,21,29,29,7,33,8,19,39,24,18,4,10,14,7,18,22,26,39,31,25,26,18,28,38,32,18,36,18,32
0,1,0,0,0,0,0,1,0,2,0,0,0,0,0,0,1,0,1,0,1,2,0,1,0,0,0,0,0,1,0,1
21
11,34,13,21,22,6,39,24,12,20,9,8,14,1,24,12,33,33,34,37,2
0,2,0,0,2,0,2,0,1,0,2,1,0,0,1,0,1,1,2,0,1
37
28,34,14,30,15,9,31,1,23,22,1,37,30,39,25,28,2,13,24,0,2,25,17,8,37,22,20,0,20,26,5,35,27,16,39,2,11
1,0,0,2,0,2,0,0,0,2,0,0,2,1,1,0,1,0,0,0,0,2,2,1,1,2,0,1,0,0,2,1,1,0,1,0,1
19
33,21,38,12,2,19,30,4,23,39,32,7,23,19,15,11,12,38,24
0,0,0,1,0,2,0,0,0,1,0,0,0,2,1,0,1,0,0
30
34,25,17,28,22,13,14,32,24,20,16,22,16,13,28,19,29,18,38,12,17,22,32,38,39,17,8,32,31,16
2,2,1,0,2,2,1,0,1,0,0,1,1,1,0,1,0,1,0,0,0,2,0,0,0,2,0,0,1,1
19
5,33,14,25,13,6,30,23,30,28,31,16,13,39,35,23,26,24,31
0,1,2,1,0,0,2,0,2,0,2,2,2,2,2,0,1,1,1
32
25,1,19,14,3,21,37,22,25,10,27,1,7,28,10,36,17,13,9,34,8,34,10,11,2,38,13,27,10,38,24,20
2,2,2,1,2,0,2,2,0,2,1,2,1,1,2,1,2,0,2,0,2,2,2,2,2,0,0,1,1,0,1,0
32
23,36,23,37,33,39,14,10,21,23,0,17,11,27,39,6,22,20,33,10,21,34,28,27,17,13,17,27,23,7,7,3
0,2,1,0,1,1,0,1,0,0,0,0,2,0,2,2,2,1,2,1,0,1,1,0,2,1,2,1,0,0,0,2
32
24,13,24,18,38,14,15,26,39,9,3,18,27,20,13,32,9,18,29,21,2,36,17,10,1,11,5,39,28,29,1,8
1,0,2,2,0,1,2,2,1,2,2,0,0,1,0,0,2,0,1,0,2,1,2,1,0,2,2,1,0,2,0,1
28
37,7,36,26,27,39,33,31,14,16,32,15,28,8,32,28,12,20,20,4,9,5,12,0,19,7,9,8
2,0,1,0,0,2,2,2,0,1,0,0,0,0,0,0,1,1,0,0,1,2,1,1,0,0,0,1
24
25,39,8,33,12,35,24,23,16,1,12,30,28,27,26,14,30,39,14,32,19,11,36,8
0,0,0,1,0,1,1,0,0,0,0,1,0,0,0,1,0,1,0,0,1,1,0,0
28
26,7,22,28,19,15,16,15,18,7,37,37,28,35,25,30,11,16,14,8,38,11,31,24,38,17,14,31
0,1,1,0,2,0,1,1,1,0,0,1,0,2,0,2,2,0,2,2,0,2,1,1,0,0,2,2
15
30,33,6,22,6,24,2,37,19,33,29,16,9,34,19
2,2,0,1,2,1,0,0,2,2,1,1,2,2,2
22
18,2,17,18,5,15,7,17,38,11,9,6,0,35,20,36,23,24,6,16,28,29
2,2,2,1,2,2,1,2,0,2,2,2,1,2,2,2,2,1,2,2,2,2
30
38,12,36,16,20,18,6,37,7,12,36,1,10,23,5,25,6,38,18,5,28,38,1,18,3,5,36,27,29,6
1,1,1,0,1,1,0,0,0,0,0,0,1,0,1,2,1,0,0,2,0,0,0,0,1,2,1,0,0,1
28
15,15,19,28,27,7,23,2,24,18,32,1,14,21,9,17,21,26,12,32,4,25,12,26,13,23,2,29
1,2,0,1,1,0,0,2,0,1,1,0,1,1,2,0,0,1,0,1,0,1,1,1,0,0,1,1
17
0,35,11,37,10,11,38,6,10,35,30,32,12,17,23,8,30
1,1,1,1,1,1,0,0,0,2,2,1,2,0,1,0,1
22
19,33,25,6,37,29,4,10,0,33,0,18,1,20,19,22,20,23,3,11,21,19
0,0,0,1,0,0,0,1,0,0,0,0,0,0,2,1,1,0,0,0,0,0
24
13,11,29,31,31,31,25,0,1,16,29,38,6,26,8,21,33,0,8,19,18,35,39,3
1,2,1,1,0,1,2,1,1,2,2,1,2,0,2,1,0,1,2,2,0,0,2,2
19
3,12,24,12,17,23,1,32,18,8,27,34,38,9,0,20,8,14,34
2,1,1,1,0,0,1,2,1,2,0,1,0,1,1,2,2,2,1
29
7,25,35,20,27,3,15,21,11,15,39,37,36,28,17,9,38,17,0,38,20,0,14,3,19,9,22,33,32
0,2,2,1,0,2,1,2,1,1,2,0,0,0,2,2,0,2,1,0,1,2,0,0,2,2,1,1,2
39
2,8,21,22,11,9,33,9,29,21,5,1,29,1,31,15,11,0,7,12,14,7,9,4,18,37,10,19,19,20,17,9,33,25,29,8,30,3,5
0,0,0,2,1,0,1,2,0,0,1,0,2,1,0,0,0,0,0,1,1,0,0,0,0,1,0,0,0,1,0,2,0,0,0,1,2,0,0
30
34,1,10,2,28,17,19,13,33,30,39,17,29,24,18,7,27,7,30,2,2,21,16,35,16,13,8,29,20,11
2,1,1,1,0,2,2,2,2,2,0,1,2,2,0,0,2,1,2,1,0,0,1,2,2,1,2,2,1,2
15
13,19,14,31,32,16,23,29,12,15,1,16,31,7,2
0,2,0,1,0,0,0,0,2,1,0,0,1,0,1
29
6,14,37,10,28,30,24,23,18,1,21,19,32,7,24,8,33,22,4,24,7,15,14,0,21,2,37,13,35
1,1,2,1,1,1,0,1,2,1,0,2,0,0,0,0,2,2,0,1,1,1,0,1,1,1,2,2,2
22
14,3,32,23,35,9,35,19,10,11,17,29,36,19,24,11,20,24,10,8,24,34
2,1,1,2,2,2,2,2,2,1,2,2,2,2,2,2,2,2,1,2,0,2
24
34,22,7,27,22,3,13,28,0,3,31,32,25,16,38,22,31,14,12,1,18,23,23,10
1,1,0,0,2,1,0,0,0,2,0,0,2,0,0,2,1,0,0,0,0,0,0,0
37
2,14,20,36,11,3,8,38,27,22,39,21,23,25,29,32,15,21,17,6,25,7,5,29,38,22,31,21,8,30,6,8,12,2,34,32,20
1,0,2,1,1,0,0,0,0,0,2,0,0,1,1,0,0,0,1,0,1,0,2,0,0,2,1,0,0,2,0,1,0,0,2,1,0
24
28,16,3,28,3,9,24,30,2,1,24,5,25,7,34,26,24,17,0,38,2,3,36,14
1,2,1,0,2,1,2,1,0,0,1,2,1,0,1,1,0,2,1,0,2,2,2,0
25
25,21,27,23,28,8,3,17,15,32,28,38,9,8,30,27,2,13,24,14,1,23,13,6,35
1,0,0,0,1,0,2,2,2,0,1,0,2,0,0,0,0,0,0,0,0,0,0,0,1
28
4,35,31,33,6,9,16,29,20,12,0,0,32,37,24,25,12,27,32,36,29,7,0,11,4,23,5,24
0,1,1,2,0,1,1,1,0,0,0,0,0,0,0,0,0,0,0,1,0,0,0,2,0,0,0,1
26
16,24,27,14,29,26,21,9,30,26,11,30,31,31,34,20,9,15,6,3,26,24,30,10,19,35
1,0,0,0,0,1,0,2,2,1,0,1,2,0,2,0,2,2,0,1,1,1,1,1,1,2
25
15,15,1,7,12,16,38,23,2,29,12,18,6,8,18,39,21,17,22,1,10,30,32,13,15
0,0,0,0,0,0,0,0,1,0,0,0,0,0,0,0,0,1,1,0,0,0,0,0,0
15
20,18,20,17,2,31,9,39,14,4,3,27,3,14,16
1,0,2,2,0,1,2,2,1,0,2,0,0,2,2
31
13,26,32,21,2,22,20,22,3,20,36,30,20,25,34,37,23,10,28,2,0,18,21,13,13,15,32,12,37,11,37
0,0,0,0,0,2,1,2,0,0,0,0,0,1,0,0,0,1,0,2,1,1,0,0,0,0,0,1,0,2,1
29
3,33,4,32,4,37,33,25,0,3,38,25,32,32,7,19,15,20,25,22,17,30,11,0,8,2,25,8,15
2,2,2,2,1,2,2,0,1,2,0,2,2,2,0,2,2,1,0,2,2,2,1,2,1,2,2,2,2
18
7,16,30,36,32,26,3,21,25,31,23,34,36,31,6,32,30,11
0,1,1,1,0,2,1,0,0,1,0,2,0,2,1,0,2,1
31
7,15,17,32,0,11,5,4,15,17,17,0,18,7,2,24,4,39,18,17,30,32,17,38,15,15,37,6,13,24,31
0,0,1,0,1,2,1,1,1,0,2,0,0,1,0,2,0,1,0,0,2,1,0,0,1,0,0,0,0,0,1
36
16,22,35,8,1,31,21,12,7,0,16,11,3,12,30,6,22,23,4,4,16,29,8,5,24,18,15,20,1,9,15,36,14,12,12,31
1,2,2,1,1,2,2,0,0,2,1,2,2,0,2,2,2,0,2,0,2,1,1,2,1,1,2,1,1,2,2,2,0,0,0,2
18
29,18,30,30,8,12,13,9,30,36,22,26,5,25,1,12,18,0
0,0,2,0,0,0,1,1,1,0,0,1,0,1,0,0,0,0
30
36,25,30,31,1,24,1,0,35,11,8,35,27,37,32,21,24,17,5,17,15,14,7,12,6,16,31,21,12,22
1,2,2,1,0,0,0,1,2,1,1,0,1,0,2,0,1,2,0,2,1,0,0,1,2,0,2,0,1,2
30
23,4,12,11,4,36,30,27,27,29,17,26,34,25,38,17,32,24,30,36,1,32,38,31,17,16,33,38,6,34
2,2,1,2,0,1,2,0,2,1,2,2,2,1,1,2,1,0,2,2,2,2,0,1,0,1,2,0,1,2
16
12,39,30,15,5,27,31,9,17,3,8,6,7,6,39,2
0,1,0,0,0,0,0,2,0,0,0,0,0,0,1,0
30
26,34,34,27,38,37,8,11,14,20,34,32,18,22,12,0,28,23,15,24,22,27,15,37,10,2,14,0,6,0
1,2,1,0,0,0,1,2,0,0,1,1,0,2,0,0,1,0,2,0,2,0,1,2,2,0,1,1,0,0
38
29,9,18,28,1,35,18,6,25,14,37,2,37,15,1,30,27,6,29,6,35,28,23,38,3,28,4,28,29,28,25,18,25,36,26,29,29,2
2,2,0,2,1,2,1,0,0,1,0,1,1,2,1,2,1,1,0,0,1,0,0,0,2,1,0,1,2,0,2,1,1,2,0,2,0,2
18
12,35,34,7,1,5,30,9,20,9,22,2,31,19,9,28,33,36
0,2,2,0,1,2,2,2,2,2,2,2,2,1,2,2,2,0
15
36,30,34,0,7,11,18,24,31,11,12,27,0,5,7
0,1,1,0,0,2,0,2,0,1,0,0,0,0,0
16
22,21,33,14,9,14,28,22,16,8,35,8,15,35,32,30
2,0,0,0,0,0,0,1,1,0,1,0,0,1,0,1
25
3,27,6,9,35,1,25,13,15,16,21,3,18,1,38,8,18,15,24,17,22,20,10,38,3
2,0,0,2,2,0,2,1,2,1,0,1,0,2,0,0,0,2,1,1,2,0,1,0,2
39
3,39,31,34,9,33,35,5,15,18,33,24,30,16,29,38,30,18,34,28,0,3,27,17,25,39,18,5,0,7,32,20,23,24,18,28,9,11,32
2,0,1,1,0,1,2,1,1,0,2,1,2,1,2,0,2,0,1,1,1,2,0,2,2,2,2,2,1,0,0,1,2,1,2,1,1,1,0
17
24,14,21,5,14,23,20,6,28,31,31,4,3,21,17,34,16
1,1,0,2,1,0,1,0,0,2,2,1,1,0,2,0,0
21
7,30,11,30,18,9,38,11,19,36,6,13,10,6,28,9,28,8,35,9,18
0,1,2,1,0,0,0,2,2,0,2,1,2,1,0,2,0,1,2,2,2
36
1,38,8,21,4,11,0,21,37,18,15,30,2,22,17,25,12,17,2,22,2,24,26,26,38,24,23,7,8,36,29,18,15,23,20,35
1,0,0,0,0,1,0,0,0,0,1,2,0,0,0,0,2,0,1,2,0,0,2,1,0,1,0,0,1,0,1,2,1,0,0,1
18
33,27,37,27,16,13,6,21,0,28,30,29,14,17,34,29,33,10
1,0,0,0,0,1,2,0,1,2,2,1,0,2,0,2,2,1
18
37,39,28,23,4,25,13,38,28,5,6,36,17,22,37,0,3,34
0,0,0,0,0,2,0,0,0,1,0,0,1,1,2,0,1,1
25
7,24,39,31,23,27,13,2,35,26,19,14,26,27,24,32,13,7,13,0,15,17,6,14,23
0,1,2,2,0,0,1,0,2,1,2,0,1,1,0,0,0,1,0,0,0,0,2,0,0
36
32,38,28,21,12,8,23,14,35,12,26,36,6,7,36,13,11,35,39,16,39,28,26,0,33,3,23,20,32,6,0,2,14,30,15,9
2,1,2,0,2,2,2,2,2,2,0,1,2,1,1,1,1,2,2,2,1,2,2,2,2,2,2,0,2,2,2,1,1,2,2,2
15
23,19,4,37,29,23,39,6,35,37,15,14,22,11,28
0,2,0,1,1,0,2,0,2,2,2,0,2,2,1
25
6,3,4,4,10,27,15,29,3,1,2,20,5,17,4,8,19,27,25,17,18,2,8,35,30
0,0,1,0,0,0,1,0,0,0,1,0,1,0,0,0,1,0,1,0,0,0,0,0,1
34
22,0,1,18,13,7,37,11,25,26,28,14,0,27,2,17,33,31,28,24,25,38,7,18,21,28,32,37,34,2,18,9,26,14
2,1,1,1,1,0,1,1,2,1,0,1,2,2,1,0,2,2,2,1,2,0,2,0,1,2,2,0,1,1,0,1,0,1
37
1,2,6,15,30,9,18,27,16,27,18,36,22,19,12,12,10,14,16,27,18,3,21,21,36,38,33,32,39,32,11,1,27,9,21,16,25
1,0,0,0,2,2,0,0,0,0,0,0,0,2,1,0,0,0,1,0,0,1,0,0,0,0,0,0,1,0,1,0,0,1,0,0,0
34
7,8,6,13,27,1,7,12,20,27,34,22,14,1,11,35,2,4,2,18,1,36,16,13,27,26,9,2,35,37,24,21,38,29
1,1,2,0,1,2,0,1,0,0,1,2,1,2,1,2,0,1,1,0,2,1,2,1,0,1,2,0,2,2,0,0,0,1
30
1,19,17,0,28,28,18,39,5,38,7,23,19,13,4,39,33,15,6,15,6,26,13,13,32,32,19,35,6,31
1,2,2,1,2,2,0,2,2,0,1,1,1,1,0,2,2,2,1,2,2,1,0,1,0,0,2,1,2,2
35
9,36,21,12,16,8,23,13,7,36,18,27,29,6,25,39,10,13,20,7,2,27,28,22,17,34,12,11,4,38,10,10,30,30,12
2,2,0,2,0,0,0,0,0,0,0,0,0,1,0,1,0,0,2,0,0,0,0,0,0,1,1,1,0,0,0,0,0,2,0
31
24,31,11,12,18,24,30,36,24,15,37,22,13,5,24,22,11,12,35,38,33,5,37,39,7,7,39,32,33,14,35
1,2,2,1,2,2,2,1,1,1,2,0,1,2,1,2,2,2,2,0,2,2,0,2,1,0,2,2,1,0,2
15
29,28,19,32,35,21,12,6,7,27,8,24,15,9,10
1,0,2,2,2,0,1,1,0,0,1,0,2,2,1
34
31,36,14,11,14,33,5,16,19,8,4,22,32,37,13,16,18,32,0,12,26,5,5,32,29,34,22,9,18,27,22,3,19,18
2,1,1,1,2,2,2,2,2,2,0,2,0,2,1,0,0,1,2,1,1,0,2,1,2,2,2,2,0,0,2,2,2,0
28
22,34,38,14,23,27,15,15,39,38,5,1,12,8,33,16,26,28,36,21,23,6,33,11,22,14,32,12
2,2,0,2,1,0,2,2,2,0,2,1,2,2,2,2,1,0,2,1,1,2,2,2,2,1,1,2
19
28,11,38,2,0,26,23,18,7,1,29,29,38,31,0,37,12,10,9
0,2,0,0,0,1,0,0,0,1,1,2,0,2,0,0,0,0,2
22
30,36,1,1,38,33,19,32,3,10,4,24,36,33,8,5,17,13,18,13,39,16
2,1,1,0,0,1,1,1,0,0,0,0,0,2,0,0,0,0,0,0,1,0
33
12,4,12,0,24,3,35,9,27,5,26,11,2,32,9,30,14,6,35,13,13,2,2,21,18,34,11,4,9,32,12,34,31
1,0,0,0,1,1,1,1,0,2,0,1,0,0,1,0,0,1,0,0,1,0,0,0,0,1,0,1,1,0,0,1,0
19
20,13,24,26,39,22,30,28,29,25,19,37,18,26,24,39,37,22,28
0,0,1,1,0,1,1,0,0,0,1,0,0,1,0,0,0,0,0
18
37,36,9,35,28,13,3,35,12,17,32,20,15,14,4,5,37,2
2,0,1,2,1,0,2,1,0,2,0,0,0,0,1,1,0,0
38
16,7,26,17,26,21,15,1,4,17,2,26,16,15,5,6,13,37,39,14,32,26,28,36,4,28,31,5,1,5,3,28,24,8,2,25,26,35
2,0,1,1,1,0,2,0,1,2,1,0,1,1,1,1,1,0,0,1,2,0,0,1,1,1,0,2,1,2,2,2,0,0,0,2,2,2
21
6,7,15,2,9,6,20,36,30,22,26,21,38,26,3,23,22,18,2,26,2
1,0,0,1,1,1,0,1,1,2,2,0,0,0,2,0,2,0,2,1,1
31
12,29,24,20,20,27,19,33,4,17,38,10,16,21,36,19,5,33,13,22,19,12,31,25,13,35,7,39,21,21,15
1,2,1,1,2,1,2,2,0,2,0,2,2,1,2,2,2,2,1,2,2,2,2,2,2,2,0,0,0,0,2
17
22,16,6,15,39,35,19,23,4,5,27,4,38,37,1,38,20
2,0,2,2,1,2,1,0,0,2,0,2,0,0,1,0,0
30
33,16,12,38,26,25,27,12,11,27,1,36,33,22,28,34,10,32,10,8,13,8,38,2,28,18,35,31,6,27
2,1,1,0,0,2,2,1,2,2,2,2,2,2,1,2,2,2,0,2,1,1,0,2,2,2,2,2,1,0
26
15,21,17,16,29,9,34,20,15,5,2,20,12,17,23,26,3,21,23,39,9,1,39,5,17,16
1,0,2,0,0,1,2,1,2,0,0,0,2,0,0,0,2,0,0,1,2,1,1,1,0,1
35
29,12,36,2,31,34,18,13,21,16,3,39,18,36,1,14,1,10,22,9,2,4,2,37,12,18,39,34,23,23,16,39,9,1,22
2,2,2,2,2,2,2,1,1,2,2,2,2,2,2,2,2,2,2,1,2,2,1,2,2,2,2,2,2,1,2,2,2,2,2
32
30,22,12,16,3,13,19,12,2,25,25,17,31,13,2,0,25,23,34,13,2,12,13,20,25,2,39,3,35,0,39,32
2,2,2,2,2,2,2,2,1,0,0,2,2,0,1,0,2,0,2,2,0,1,1,0,0,1,2,2,1,1,1,2
19
5,18,17,15,22,36,8,2,7,37,3,11,30,24,15,13,12,6,11
0,0,1,1,1,0,0,2,0,0,2,0,2,2,1,0,1,1,2
17
7,33,18,6,30,17,39,13,38,35,16,36,8,19,27,19,35
0,0,0,0,2,1,0,0,0,2,1,0,0,0,0,2,1
39
3,24,9,34,6,12,3,35,13,17,7,31,26,36,22,6,11,24,2,25,3,35,14,31,28,9,20,15,18,28,17,15,0,1,14,38,27,0,4
2,0,0,2,0,2,2,2,2,1,0,1,1,2,2,1,2,1,2,0,2,2,1,0,0,2,0,2,1,2,2,2,0,1,0,0,0,0,0
33
37,31,21,1,12,22,24,27,10,32,23,1,29,16,39,33,37,21,4,39,15,12,25,30,38,22,11,13,17,26,27,17,15
1,2,0,0,2,2,0,0,0,2,0,1,2,1,1,1,0,0,1,1,0,0,2,2,0,1,1,0,1,1,0,1,1
15
30,35,32,32,38,17,22,22,14,25,29,24,15,38,13
2,1,0,2,0,1,2,2,1,1,1,1,2,0,0
34
10,9,22,36,18,17,26,5,9,1,23,37,27,27,38,1,4,10,9,1,14,38,36,6,19,33,34,33,21,30,22,18,3,23
1,2,2,2,1,1,1,0,2,1,0,1,1,0,0,2,2,1,1,1,0,0,1,1,2,0,2,2,0,2,2,2,2,0
25
37,20,29,9,25,26,7,38,7,7,33,15,12,22,11,26,21,31,26,1,32,25,27,18,4
0,1,0,2,0,0,0,0,0,0,0,2,2,2,1,2,0,2,1,0,1,1,0,0,0
35
7,26,14,12,15,21,19,12,19,1,34,18,36,5,13,3,21,38,35,33,26,6,2,32,1,15,24,14,23,14,30,13,13,5,13
0,0,0,1,0,0,1,2,2,0,0,0,0,1,0,1,0,0,1,1,0,1,0,0,0,0,0,0,0,0,2,1,1,0,2
30
38,21,12,1,13,37,27,6,17,35,35,3,29,23,19,30,23,6,25,12,7,4,12,28,19,13,31,26,24,3
0,0,0,0,0,0,0,0,0,0,1,1,1,0,1,0,0,0,0,1,0,0,0,0,0,1,1,1,0,0
16
38,9,16,6,39,38,3,34,35,30,24,12,17,20,0,35
0,0,0,1,2,0,0,2,1,1,1,1,2,1,0,2
35
22,37,7,6,1,29,12,22,28,37,36,19,32,28,14,22,2,36,28,7,21,28,1,0,19,20,36,7,26,34,5,18,17,0,24
2,1,0,1,1,1,2,2,1,2,0,2,1,0,1,2,0,2,1,1,0,1,2,2,2,2,0,0,1,2,2,1,2,2,0
34
20,0,27,14,16,25,19,24,12,32,24,7,4,5,22,29,13,22,10,30,5,10,12,11,1,34,35,16,27,27,21,37,6,14
2,1,0,2,0,2,2,0,2,0,2,0,2,0,2,1,0,1,1,1,2,0,2,0,0,1,2,0,0,1,0,1,0,1
29
24,13,5,11,19,22,29,29,37,29,29,35,33,15,23,13,25,7,13,30,1,3,0,19,13,39,24,24,2
0,0,1,0,1,1,0,1,0,0,0,1,0,1,0,1,0,0,0,1,0,0,0,2,0,1,0,0,0
29
34,20,20,20,31,4,38,8,17,20,7,33,9,23,39,23,31,32,37,33,10,30,17,22,21,17,39,38,19
2,0,0,0,2,0,0,1,1,0,0,2,1,0,1,0,2,0,0,2,2,2,2,2,0,1,1,0,2
20
31,5,33,7,29,26,6,26,24,14,24,21,17,11,22,38,24,9,29,9
2,1,1,0,1,1,1,2,2,0,1,0,1,2,2,0,2,2,0,2
31
27,18,26,18,32,6,28,4,29,7,11,12,25,17,19,15,36,2,26,14,33,21,39,22,3,22,8,23,20,15,24
0,0,0,0,0,0,0,0,1,0,1,1,0,0,2,0,0,1,0,0,2,1,0,2,0,1,0,0,0,0,1
34
19,8,0,2,20,22,8,18,18,22,26,26,38,35,11,26,33,32,27,30,31,19,39,34,30,30,37,21,8,8,14,12,21,15
1,0,0,0,0,2,1,1,1,2,0,1,0,0,2,1,1,0,0,2,2,2,1,2,2,0,0,0,1,0,1,0,1,1
32
14,31,33,30,13,13,28,18,26,8,36,36,27,23,27,35,17,24,34,3,13,38,25,7,23,15,19,14,6,16,21,21
0,2,2,2,0,0,0,1,1,2,1,1,0,0,0,1,1,0,2,2,0,1,1,0,0,2,2,1,0,1,0,0
28
25,9,16,13,1,12,26,8,6,9,8,21,22,6,8,26,23,28,16,19,6,39,6,27,18,19,38,39
0,1,1,0,0,0,0,0,0,2,0,0,0,2,0,1,0,1,0,1,0,0,0,0,1,0,0,0
16
34,15,39,38,26,37,24,25,13,13,13,24,35,3,14,31
2,1,0,1,0,2,0,2,1,2,1,0,2,1,1,2
27
23,10,16,36,12,26,19,32,31,7,28,39,18,5,38,20,21,9,9,28,15,0,16,29,25,18,20
1,0,1,2,1,2,2,1,2,0,1,1,1,2,0,0,0,2,2,1,1,2,1,2,2,1,0
28
8,19,20,9,21,28,8,4,39,10,0,0,38,4,21,25,5,31,10,9,38,33,30,11,15,37,2,1
2,2,1,2,0,2,2,0,2,2,2,0,0,0,1,2,2,2,1,1,1,1,1,2,2,2,0,2
20
20,14,7,33,39,0,31,4,29,21,19,15,6,6,1,13,30,13,4,10
2,0,0,2,1,2,2,2,1,0,2,1,2,0,2,1,2,0,1,2
26
33,9,4,20,2,18,34,5,13,3,17,28,34,37,15,19,23,34,18,3,32,1,12,29,33,29
2,1,0,0,0,0,2,1,0,0,1,0,0,0,0,2,0,0,0,1,0,0,0,0,0,0
26
13,14,15,1,29,29,17,30,12,19,34,22,32,37,34,35,19,2,7,39,31,28,6,1,20,5
0,0,0,0,1,0,0,1,1,0,2,1,2,0,2,0,0,1,0,0,2,0,1,0,0,1
25
29,31,31,37,27,9,21,16,21,18,16,23,35,31,35,27,13,35,5,8,20,11,29,30,39
2,1,2,0,1,1,0,0,0,2,2,1,2,2,2,2,1,2,1,1,0,2,2,2,0
36
14,38,9,20,28,31,9,12,22,22,30,3,2,20,1,3,0,14,32,5,6,18,0,38,18,25,11,21,12,27,13,21,29,19,26,37
1,0,2,1,0,2,1,1,2,1,1,1,1,2,2,2,1,2,0,2,2,0,2,0,0,0,0,0,1,0,0,1,1,1,1,1
18
18,8,6,29,12,26,34,12,14,8,22,35,39,2,33,18,27,22
1,2,2,0,1,1,1,2,1,1,2,1,2,2,1,1,0,2
17
27,9,32,15,9,32,35,2,4,11,12,23,31,15,31,36,35
2,2,2,2,2,2,2,2,2,2,2,2,2,2,2,2,2
38
31,9,22,5,22,27,29,13,36,31,33,21,30,6,20,15,19,18,31,14,4,10,14,28,3,35,22,14,2,31,9,39,37,21,13,16,20,14
0,2,2,2,2,2,1,1,2,2,0,0,2,2,1,2,2,0,2,0,1,1,0,0,2,1,2,1,0,2,2,1,1,0,1,2,2,1
39
28,27,15,11,19,17,33,22,26,16,20,39,30,2,16,25,22,5,27,7,7,18,37,28,22,31,9,26,0,38,28,2,36,30,10,21,17,34,5
0,2,1,2,2,2,2,2,1,2,1,2,2,2,1,2,1,2,2,0,0,1,2,1,2,2,2,1,2,0,0,0,2,2,1,0,1,2,2
32
19,31,37,39,31,25,38,19,17,14,21,21,20,1,39,17,22,12,8,6,0,1,3,13,31,35,1,39,13,19,24,7
2,2,2,2,2,0,0,2,2,1,0,1,2,2,0,2,1,2,2,0,2,0,2,0,2,2,1,2,1,2,1,1
30
9,39,11,21,15,11,10,19,0,26,2,11,29,8,36,0,3,14,26,7,22,14,26,30,38,7,29,17,3,21
2,2,1,0,1,1,0,2,0,1,0,1,0,2,2,2,2,0,1,0,2,0,1,2,0,2,1,2,2,2
36
22,22,14,25,2,22,19,39,38,7,17,5,26,35,14,36,4,38,8,6,19,9,25,3,37,23,13,0,16,23,26,6,8,34,11,20
1,2,0,0,1,0,2,1,0,0,1,1,2,1,2,1,1,0,0,2,0,1,0,2,1,0,1,0,1,0,2,0,0,1,1,1
34
27,13,33,12,30,32,38,27,24,31,8,27,30,16,22,12,9,15,5,10,2,27,14,12,16,6,27,37,12,16,14,35,27,14
1,1,1,1,2,1,0,0,2,1,1,1,2,1,1,1,2,2,2,2,2,0,1,2,2,0,0,1,0,1,2,2,1,1
21
6,35,28,36,35,22,15,30,33,0,17,39,14,16,9,19,5,7,33,31,3
1,1,0,0,1,0,0,1,1,0,0,0,1,0,2,2,1,0,1,0,0
34
7,31,20,18,28,30,5,3,28,2,0,14,20,30,6,16,18,38,2,29,34,28,13,34,27,29,25,6,38,30,4,34,13,35
0,2,2,0,0,2,2,1,0,1,0,1,0,1,0,1,1,0,2,0,0,1,1,2,1,0,0,2,0,2,0,1,1,0
38
30,38,12,9,22,17,31,32,35,27,15,15,17,7,15,10,5,0,11,37,27,16,0,31,7,39,23,9,38,38,9,35,24,9,18,14,15,1
2,0,0,1,2,2,1,0,2,1,0,0,0,0,2,0,0,1,2,2,0,0,0,0,0,0,0,2,0,0,1,2,0,2,0,0,1,0
19
11,23,25,19,8,22,38,28,30,18,19,22,26,29,20,34,6,21,9
1,0,1,2,2,2,0,1,1,1,2,1,1,0,1,1,0,0,2
17
19,9,17,26,30,26,0,5,10,33,38,19,20,20,17,20,18
2,2,2,2,2,2,2,2,2,2,0,1,0,1,1,2,2
18
0,32,6,8,0,15,17,5,1,8,3,22,7,38,24,15,34,16
0,1,1,0,0,1,0,0,0,0,0,0,0,0,0,1,1,0
19
23,32,19,29,8,16,35,13,18,6,2,32,31,10,1,25,3,16,16
0,1,2,2,1,1,1,1,1,2,0,2,2,1,2,0,2,2,1
30
37,26,35,22,20,12,36,25,39,6,38,21,38,22,29,17,17,9,38,29,25,6,6,4,0,17,12,24,39,7
0,0,0,1,0,0,0,2,1,1,0,0,0,2,1,0,0,2,0,0,1,0,0,0,1,0,1,1,0,0
30
2,36,39,24,22,0,32,14,16,33,16,3,12,3,6,8,22,32,32,19,3,0,33,26,20,23,14,34,24,8
0,0,0,1,2,0,0,2,0,1,1,2,1,1,0,0,2,1,0,2,2,2,2,2,0,0,1,0,0,2
27
13,7,23,17,34,24,16,31,23,6,12,26,4,35,25,30,9,25,21,11,31,26,32,19,38,39,12
1,0,0,2,0,0,2,2,0,0,2,1,0,1,0,2,2,2,0,2,2,1,1,2,1,2,2
31
1,5,8,4,19,28,20,8,27,7,30,19,26,7,20,27,22,5,2,4,8,6,3,38,4,10,14,33,12,6,39
2,2,1,0,2,1,1,1,0,0,1,2,1,1,0,1,2,1,2,0,0,0,2,0,0,1,1,2,1,1,2
16
31,30,10,21,2,30,32,23,0,14,36,26,37,26,11,2
2,1,0,0,0,2,0,0,0,2,1,0,0,1,1,1
34
8,10,32,35,25,26,37,21,25,21,4,34,1,34,8,17,11,2,17,37,6,32,5,17,21,38,8,34,22,11,23,39,8,12
1,0,0,0,0,0,0,0,1,0,0,0,0,0,1,1,0,0,2,1,1,0,0,2,0,0,1,2,1,1,0,0,1,0
21
21,9,7,26,9,13,10,5,20,32,18,38,23,17,34,36,18,23,33,21,3
0,2,1,2,2,0,2,2,0,1,1,0,0,2,1,2,2,1,2,0,2
29
38,26,7,8,27,14,1,6,17,21,9,32,6,2,13,35,12,15,15,4,24,37,37,37,38,25,12,25,0
0,0,1,0,0,0,0,1,1,0,1,0,0,2,0,1,0,1,0,0,1,0,1,0,0,0,0,2,0
33
30,6,29,2,8,9,25,0,29,37,14,24,5,17,0,2,16,7,39,16,24,11,28,24,35,24,28,10,3,13,37,16,1
2,0,0,2,2,1,0,0,0,0,2,1,2,2,1,2,1,0,1,1,2,2,0,1,1,1,0,0,2,1,0,2,0
35
30,5,13,32,6,23,8,10,22,1,14,34,35,27,38,3,9,5,29,34,9,31,2,25,14,16,26,17,18,11,23,4,23,26,29
2,2,2,0,1,1,0,1,2,1,0,1,2,0,0,1,0,2,1,2,1,2,0,2,1,0,2,0,1,2,1,2,0,0,0
21
33,38,18,30,12,23,4,22,18,0,32,32,31,27,36,11,8,10,32,18,33
1,0,1,2,0,0,0,1,0,0,0,0,2,0,0,2,0,0,0,0,2
34
34,5,32,20,15,38,33,14,5,1,23,27,0,0,27,35,19,7,0,25,24,9,11,6,11,39,16,4,13,33,16,34,0,35
2,2,2,2,2,0,2,1,2,2,1,0,2,2,2,2,2,2,2,1,2,2,2,2,2,2,1,0,1,1,2,2,2,2
20
36,1,11,3,22,12,16,30,15,25,27,0,11,36,19,1,35,14,37,21
1,2,2,2,1,2,2,2,2,2,1,2,2,1,2,1,2,1,0,0
32
18,3,0,14,7,14,14,38,21,17,15,1,35,19,15,2,29,1,34,25,4,1,19,33,33,19,24,19,24,13,38,11
0,0,0,1,0,1,0,0,0,2,0,0,1,0,0,2,0,0,0,1,0,0,0,1,0,0,0,0,0,0,0,0
27
35,20,39,14,19,19,4,31,5,29,25,36,12,28,4,24,12,23,30,19,7,8,20,19,14,25,10
2,1,1,1,2,2,1,2,2,2,0,2,0,0,0,1,1,0,1,2,0,1,0,1,0,1,2
36
2,31,4,7,13,2,23,12,28,7,30,25,17,17,6,37,15,32,2,37,3,35,3,8,39,16,16,32,19,13,21,26,2,23,29,7
1,2,2,0,1,0,0,1,0,0,2,0,0,0,0,0,0,0,0,0,0,0,0,0,2,0,0,0,2,0,0,0,0,0,0,0
22
25,31,32,30,17,34,11,24,30,9,33,2,38,7,31,28,21,19,5,28,16,30
0,1,1,1,1,2,1,2,2,2,2,2,0,0,2,2,0,2,2,0,1,2
20
8,33,35,8,14,19,7,27,18,15,10,7,32,9,17,34,2,39,26,27
0,0,0,0,0,0,0,0,0,1,0,0,0,2,2,1,2,1,1,0
16
23,10,23,34,22,31,22,33,18,1,1,14,20,34,4,26
0,1,0,1,2,1,1,2,0,0,0,0,0,0,0,2
34
13,28,7,33,39,0,28,35,36,28,4,31,23,18,11,0,6,16,33,6,16,2,28,21,37,28,4,29,22,20,25,20,19,22
0,0,1,0,2,1,0,1,0,1,2,2,2,2,2,1,1,1,0,2,0,2,1,0,0,0,1,1,2,0,0,0,1,2
29
5,9,31,22,16,19,14,21,5,3,22,18,30,2,27,2,13,17,26,9,14,18,8,3,14,7,0,6,30
1,2,1,2,2,2,0,0,2,2,2,0,2,2,1,1,1,2,1,1,1,1,2,2,0,0,2,1,2
26
16,14,33,15,3,7,33,24,14,27,8,1,16,9,8,30,1,23,18,16,9,27,37,27,0,2
1,0,2,0,0,0,2,0,0,0,1,0,0,2,2,0,0,0,0,0,0,0,1,0,0,2
37
18,23,19,26,23,16,24,30,27,27,21,4,7,37,27,11,24,37,14,33,12,7,12,35,5,37,31,20,6,25,14,22,37,14,39,15,31
0,0,1,1,0,2,1,2,0,1,0,0,0,0,0,0,0,2,0,0,1,1,0,1,2,0,1,1,1,2,0,2,2,0,0,2,1
23
38,15,2,19,9,21,2,10,24,7,8,14,31,2,3,29,12,20,18,38,21,19,36
0,2,2,2,2,0,0,0,0,0,0,0,1,0,0,1,1,0,0,0,0,2,2
22
39,4,11,0,14,24,17,37,25,39,2,21,25,18,38,35,20,25,12,35,23,25
0,0,0,0,0,0,1,1,2,0,0,1,0,0,0,1,0,2,2,1,0,0
32
28,5,22,27,13,13,19,12,26,34,1,39,23,28,2,3,1,19,14,31,0,37,34,6,12,0,13,28,2,23,0,9
2,2,2,2,1,2,2,1,2,1,1,1,1,2,1,2,1,2,1,2,2,2,0,2,1,2,1,1,0,0,2,2
39
22,23,14,34,3,36,16,30,37,9,26,5,5,14,3,39,6,25,30,1,27,12,17,29,10,12,23,28,4,34,18,12,4,13,37,21,8,39,25
2,0,0,2,2,2,1,2,0,2,2,0,1,2,1,2,1,1,1,0,0,1,2,0,1,2,0,0,1,2,0,1,0,0,2,0,1,1,0
32
9,8,27,23,18,32,3,2,11,17,22,19,5,33,1,29,8,26,33,39,23,16,28,35,11,30,8,18,16,1,39,4
2,0,0,0,0,0,0,0,0,0,1,0,0,0,0,1,0,1,1,0,0,0,0,2,1,0,0,0,0,0,0,0
18
12,28,37,12,25,19,4,19,13,13,7,12,23,14,0,21,33,39
2,1,0,2,2,2,2,2,1,1,1,2,0,0,2,0,2,0
35
20,20,3,0,25,1,8,17,10,24,25,35,34,37,2,34,39,21,7,14,6,18,39,16,0,28,12,28,5,4,33,10,8,37,39
1,2,2,2,2,2,2,2,2,1,2,2,1,2,0,2,2,1,0,1,2,2,2,2,1,2,2,2,2,1,1,2,2,2,2
16
5,28,26,36,33,17,9,37,16,12,26,1,33,30,22,6
2,2,0,1,2,2,1,0,2,2,1,1,1,2,2,2
26
32,20,25,35,4,32,0,5,36,1,4,25,12,11,4,1,3,26,9,12,1,25,14,9,21,39
1,0,0,0,1,0,0,1,0,0,0,1,1,0,0,0,0,1,0,1,0,1,0,1,0,0
22
19,32,39,7,34,4,34,13,20,23,16,17,33,11,15,3,24,33,27,10,12,30
1,0,1,0,0,0,1,1,1,0,0,0,2,2,1,2,0,1,1,0,0,2
23
3,24,11,5,17,39,20,14,2,1,39,3,31,1,28,1,33,26,38,37,17,35,18
2,1,1,2,1,2,2,2,0,2,2,2,2,2,0,2,1,1,2,1,1,2,2
19
16,17,20,21,38,5,15,1,0,29,36,22,0,18,2,1,36,16,27
1,0,1,0,0,2,0,0,0,0,1,2,0,0,0,0,2,1,0
33
26,10,15,22,11,39,2,1,37,23,28,33,19,17,13,17,1,0,19,33,10,26,22,37,2,11,29,30,22,0,19,5,10
1,1,0,2,2,0,2,0,1,1,0,1,2,2,0,2,2,2,2,2,2,1,2,0,0,2,1,2,2,1,2,0,2
22
8,2,20,30,23,3,19,15,9,25,28,4,10,28,14,5,14,19,33,1,15,18
1,2,1,2,0,2,2,2,2,1,0,0,2,0,1,2,1,2,2,1,2,2
28
6,6,8,2,13,16,21,25,27,13,8,25,1,10,16,33,18,38,17,12,4,22,23,28,7,25,14,0
0,1,0,0,0,1,0,0,0,1,0,1,0,0,0,1,0,0,1,0,0,2,0,0,0,0,1,0
32
31,31,35,35,20,31,30,36,15,13,23,24,34,16,3,10,14,29,23,1,33,22,30,36,12,32,6,31,6,37,12,23
0,1,2,2,1,1,1,2,0,0,0,1,2,2,0,0,0,2,0,0,2,2,2,2,0,0,0,1,0,1,0,1
20
23,17,38,32,22,24,36,26,0,20,9,30,24,19,1,14,27,12,13,1
0,0,0,0,0,0,0,0,0,0,0,1,0,0,0,0,0,0,0,0
18
8,35,28,15,27,20,1,34,27,35,30,32,22,16,0,22,26,24
1,0,0,2,1,0,0,1,0,0,0,1,2,0,0,1,1,0
34
32,39,34,33,35,26,18,4,28,9,39,12,28,4,11,12,21,39,14,12,0,37,0,10,39,21,34,5,27,30,7,4,16,37
0,0,1,1,2,1,1,1,0,1,0,1,0,0,1,1,0,1,0,1,1,0,1,1,0,0,0,1,0,1,0,1,0,0
16
14,9,37,31,30,36,27,30,5,13,22,15,24,38,1,37
0,2,0,1,1,1,0,1,2,0,2,0,0,0,0,0
30
30,26,32,28,7,32,18,20,20,24,22,10,32,19,24,25,39,11,31,32,9,3,14,5,26,4,4,17,27,34
2,2,2,2,0,2,1,0,1,1,2,1,1,2,1,0,2,1,1,1,2,2,1,2,2,2,1,2,2,1
17
26,22,39,32,13,22,30,12,11,34,17,20,0,37,8,22,13
0,2,0,0,0,0,1,0,1,1,0,0,0,0,0,0,0
39
0,37,8,4,33,36,32,24,28,24,8,2,14,3,37,19,22,36,7,36,32,32,6,21,4,14,20,24,16,6,18,6,39,23,10,0,31,39,1
0,0,1,0,1,0,1,0,0,0,2,1,0,2,0,0,1,0,0,1,0,0,0,0,0,2,0,0,0,1,0,0,1,0,0,0,0,0,0
35
35,23,37,16,21,18,9,10,37,1,32,30,34,36,35,22,35,39,38,25,24,16,14,36,3,21,16,21,16,13,13,16,7,33,25
1,0,0,0,0,2,2,1,0,1,1,2,0,2,2,2,0,0,0,2,0,1,1,1,2,0,1,0,1,2,0,2,0,1,0
38
11,35,30,37,8,25,14,15,12,24,29,6,3,39,37,29,9,29,38,6,35,34,23,38,35,19,31,38,25,25,35,34,34,11,32,35,13,32
2,2,2,2,2,2,2,2,2,2,2,0,1,2,1,2,2,1,0,1,2,2,1,2,2,2,2,0,2,0,0,1,1,2,1,2,2,2
18
9,39,38,6,3,14,11,5,8,34,7,6,3,12,18,6,9,24
1,1,0,0,2,0,0,1,0,1,0,0,1,0,0,0,0,1
27
16,31,25,21,12,11,6,0,32,13,16,3,38,0,23,33,33,23,14,16,12,6,8,34,22,38,22
0,2,2,1,0,2,2,1,2,0,1,2,0,1,0,1,1,0,1,2,2,2,2,1,1,1,1
34
33,28,35,6,29,16,12,23,30,26,20,0,14,2,5,13,37,32,37,7,25,14,13,19,18,32,35,23,9,33,35,35,15,14
2,1,1,0,2,0,1,0,0,0,2,1,0,2,1,0,1,1,0,1,2,0,0,2,0,0,2,0,2,1,2,2,0,0
30
6,10,8,29,2,21,39,19,31,6,6,19,24,34,23,39,12,38,3,11,16,0,16,1,5,10,17,39,24,38
1,0,0,1,0,0,1,1,2,0,2,0,1,1,0,0,0,0,1,0,0,0,2,1,0,1,2,0,1,0
32
24,3,12,35,36,2,15,25,39,38,18,14,31,20,0,5,26,22,30,11,20,1,4,8,19,17,21,7,33,8,6,29
0,2,1,1,2,1,1,2,2,0,2,0,2,2,2,1,0,1,2,0,1,0,0,0,2,1,0,1,2,0,0,2
19
24,25,18,29,35,15,6,17,20,30,0,2,30,24,7,0,6,6,7
2,1,2,2,1,1,1,0,1,2,2,1,2,2,1,0,1,0,0
27
27,10,10,20,20,6,16,13,32,10,12,0,33,8,12,36,29,36,6,13,5,33,15,36,35,5,7
0,0,0,1,1,0,0,0,0,1,0,0,0,0,1,0,0,2,2,1,1,0,2,0,2,1,0
22
31,32,12,26,17,17,12,21,13,10,38,21,35,16,31,13,28,5,3,10,39,9
2,1,1,0,0,1,0,0,0,2,0,0,1,0,1,2,0,2,0,1,2,1
34
26,11,12,7,15,28,34,28,30,12,11,1,32,7,39,31,37,27,14,22,23,12,20,11,12,38,22,27,13,16,23,33,21,9
2,2,1,0,0,0,2,0,1,2,2,0,0,0,1,1,0,2,0,2,0,0,0,2,2,0,2,0,0,0,0,0,0,2
15
38,22,25,10,0,10,23,9,13,13,6,22,21,35,26
0,2,0,0,1,1,0,1,0,0,2,1,0,2,1
19
0,0,19,10,25,2,5,10,7,28,9,33,23,16,31,10,33,23,4
1,0,2,1,2,2,2,1,1,2,2,1,0,1,2,0,0,1,2
28
17,15,20,9,3,7,18,39,39,8,29,16,39,14,3,5,15,25,36,22,12,16,26,21,36,18,38,34
2,2,1,1,2,2,2,2,2,2,1,0,2,2,2,2,2,2,2,2,2,2,0,2,2,1,0,2
25
3,20,8,6,15,22,22,30,4,5,0,27,17,23,12,32,9,6,36,31,21,15,23,13,10
0,0,0,0,0,1,0,1,0,0,0,0,0,0,0,0,2,1,0,1,0,0,0,0,0
17
1,2,14,16,6,4,33,32,15,36,2,20,7,21,4,16,36
2,2,2,2,2,0,2,2,1,2,2,1,1,0,1,2,2
15
39,18,28,19,19,9,11,32,24,24,3,3,8,14,25
1,0,0,2,1,1,0,0,1,0,0,0,0,0,0
36
35,0,39,33,33,32,3,37,29,19,25,14,6,6,28,22,33,19,14,32,16,19,12,23,36,6,7,22,13,3,20,9,21,29,29,15
2,0,2,1,2,1,2,1,1,1,0,0,2,2,0,2,2,2,0,0,0,0,1,0,0,2,0,1,1,2,0,2,0,2,1,0
20
22,2,36,32,20,19,0,38,16,28,7,25,27,33,25,12,36,12,37,24
2,0,1,2,1,2,1,0,2,1,1,2,1,1,1,2,2,1,0,1
38
27,21,15,12,35,35,22,13,31,2,26,18,21,0,4,32,18,35,5,14,35,32,23,26,10,22,32,28,30,0,33,17,17,5,39,0,29,3
0,0,2,2,0,2,2,1,1,1,2,0,0,0,0,1,1,2,1,0,1,1,1,2,0,2,1,1,1,1,1,1,0,1,0,0,0,2
27
32,9,8,32,32,6,3,27,22,31,15,9,13,38,35,33,23,17,15,36,24,7,23,19,29,19,17
0,1,0,0,0,0,0,0,2,0,2,2,1,0,0,2,0,0,1,0,1,0,0,2,0,0,1
26
33,21,28,28,4,9,9,8,20,12,9,37,10,3,30,33,34,38,38,32,7,31,32,7,13,33
0,0,0,0,0,1,2,1,2,1,2,1,2,2,2,2,0,0,0,2,0,2,1,0,0,1
36
30,7,29,12,15,1,17,34,18,12,3,18,24,37,30,35,3,38,6,15,4,22,35,31,23,24,27,18,6,16,1,15,38,17,38,0
2,1,0,0,0,0,0,2,1,0,1,0,1,0,1,1,1,0,1,0,0,2,1,2,0,1,0,1,0,0,0,2,0,2,0,0
34
13,21,15,28,31,18,34,31,19,39,19,7,34,12,5,15,4,33,5,32,14,14,13,38,4,25,16,15,34,37,22,12,32,28
0,0,1,0,2,0,1,2,2,0,2,0,0,1,0,0,0,1,1,1,0,0,0,0,0,2,1,1,2,0,2,1,1,1
37
8,0,20,21,3,0,9,14,35,28,4,28,26,24,15,15,35,24,0,4,19,4,35,28,33,17,1,15,28,32,15,34,16,3,3,24,32
1,1,1,1,2,0,2,2,1,1,0,0,1,1,1,2,2,1,2,0,2,0,2,0,0,1,0,2,0,0,2,2,1,1,2,0,2
20
37,32,22,9,14,22,35,0,7,2,13,16,33,5,4,39,28,34,17,39
1,1,1,2,1,2,2,0,1,0,0,2,2,2,0,1,0,2,0,2
35
39,9,17,12,26,9,31,2,21,26,2,32,1,10,9,38,32,6,14,25,10,37,26,38,6,0,9,20,14,29,29,7,23,18,2
0,1,1,0,0,2,0,1,1,1,1,0,1,0,2,0,0,1,0,0,1,0,1,0,1,0,2,1,0,0,0,0,0,0,0
24
39,16,32,5,38,17,8,7,24,30,3,19,27,39,0,39,22,12,15,25,30,0,16,15
2,0,2,2,0,2,0,1,1,2,2,2,0,2,2,2,2,2,1,1,2,1,0,2
26
7,30,30,16,18,2,29,9,28,39,17,11,22,10,8,23,24,24,8,11,10,37,27,7,9,24
1,2,2,2,1,0,2,2,0,1,1,2,2,2,1,0,0,0,0,2,2,2,0,0,2,1
37
34,0,28,8,8,21,1,15,39,5,12,32,18,14,32,9,0,11,28,16,3,28,6,12,4,5,33,6,27,9,3,2,24,22,26,13,37
2,1,2,0,0,0,1,2,2,2,2,1,0,1,0,2,0,2,0,0,2,1,2,2,0,2,1,2,1,2,2,2,1,2,1,0,2
27
24,38,20,37,28,5,17,34,26,4,6,9,9,27,35,9,34,34,36,19,12,10,18,27,37,3,36
1,0,2,0,1,1,1,2,0,1,0,2,2,1,2,2,1,2,0,2,2,0,0,0,2,2,1
38
0,2,21,7,17,24,19,30,29,15,1,16,9,6,8,16,8,8,36,23,38,10,7,24,1,9,23,15,18,30,10,5,5,31,38,12,2,34
0,1,0,0,0,1,1,0,0,0,0,0,0,2,0,1,0,1,0,0,0,0,0,1,0,1,0,1,0,2,0,1,0,2,0,1,0,2
17
39,35,25,9,33,13,7,26,9,14,36,21,30,1,30,13,9
1,2,1,2,0,1,0,0,0,0,1,0,2,0,2,0,2
30
16,23,16,19,21,5,6,13,10,11,4,4,19,14,25,32,29,23,22,8,2,35,6,21,13,28,15,33,9,6
1,0,1,2,0,2,2,2,1,1,2,0,2,0,2,0,0,0,2,1,1,2,0,0,2,2,1,1,1,2
18
11,32,21,17,32,26,18,13,24,33,23,37,22,4,35,23,35,4
1,0,1,1,1,0,2,1,2,2,2,2,2,2,2,0,1,1
25
9,0,12,13,32,1,1,38,30,3,33,18,36,8,23,12,29,18,9,13,39,19,3,37,38
0,0,2,1,0,0,1,0,2,2,1,1,2,1,0,0,0,0,2,0,0,1,1,1,0
29
36,4,23,33,30,29,8,26,27,25,17,35,7,17,19,31,28,17,6,0,27,32,3,19,35,30,37,27,2
0,0,0,2,2,0,0,1,0,0,1,2,0,2,1,1,0,0,0,0,2,0,2,2,2,2,0,0,0
32
37,5,37,37,12,38,12,11,32,27,2,17,25,39,1,3,27,27,24,25,1,33,29,20,36,22,32,1,26,21,33,15
0,2,1,2,2,0,2,1,1,1,2,2,2,2,1,2,1,2,1,2,1,2,2,2,0,2,2,2,2,0,0,2
28
36,30,1,30,21,9,29,32,18,24,0,31,24,16,13,12,37,38,1,31,31,39,5,24,2,17,37,2
0,1,1,0,0,2,1,1,2,0,0,0,0,0,0,1,0,0,0,1,2,2,2,0,2,0,1,0
39
26,9,11,27,31,32,7,25,1,34,33,5,30,22,11,27,14,18,11,1,10,36,37,24,20,35,8,11,9,4,32,4,15,36,36,28,17,28,5
2,2,1,1,2,1,1,2,1,2,2,2,2,1,2,0,1,0,2,2,0,0,1,0,0,2,2,2,2,0,1,0,2,2,0,0,2,0,2
36
0,25,33,9,22,23,12,28,26,30,9,30,38,9,23,32,13,34,33,16,20,31,2,14,7,31,37,25,29,8,31,10,21,33,17,18
0,2,2,1,2,0,1,1,1,2,1,1,0,2,0,0,0,2,1,0,0,1,1,0,0,2,2,0,0,0,0,1,1,2,0,0
24
8,13,36,26,31,3,1,32,20,0,10,0,10,6,1,14,7,25,39,34,20,37,7,31
0,0,1,0,2,2,1,1,1,0,0,0,2,0,0,1,0,2,1,1,1,0,0,2
18
25,27,4,9,17,14,32,4,36,39,21,21,21,14,16,27,21,20
0,0,0,2,2,0,0,1,1,2,2,1,0,2,2,1,1,1
20
33,31,24,12,37,37,1,4,10,10,23,13,29,39,34,20,4,37,1,39
2,2,1,0,0,1,1,2,2,1,0,0,2,2,2,1,1,1,1,2
17
22,38,22,36,22,38,27,18,29,20,23,20,25,35,25,32,35
2,1,2,2,2,0,1,0,1,1,2,0,2,2,2,2,2
38
21,0,14,23,3,17,16,6,9,0,1,21,31,28,34,16,11,23,29,29,19,6,37,6,29,11,30,17,1,32,10,33,15,34,32,20,19,7
0,2,0,0,1,2,2,1,2,1,2,0,2,2,2,1,2,1,2,1,2,2,0,1,2,2,2,2,1,2,0,2,2,2,2,1,2,1
39
31,14,12,25,10,12,32,36,37,0,38,26,35,31,14,30,5,24,17,21,30,35,8,2,32,26,0,8,4,14,8,27,12,23,9,21,38,21,36
1,0,0,1,0,2,1,2,2,0,0,0,0,2,0,2,2,1,0,0,1,2,0,1,0,0,0,0,1,0,0,0,1,0,2,0,0,0,1
20
25,37,10,28,19,9,25,26,13,35,11,22,20,7,38,8,23,30,24,16
2,1,2,0,2,2,1,2,1,1,2,2,2,0,0,1,0,2,1,1
21
37,14,5,7,39,21,0,12,23,20,3,6,11,12,15,5,13,30,35,36,34
0,0,2,0,0,0,1,0,0,1,1,1,1,2,0,1,0,1,1,0,2
19
14,7,8,10,21,33,34,12,10,31,14,37,0,23,39,21,2,13,1
2,0,2,0,0,1,1,2,0,2,0,2,0,0,2,0,1,0,1
31
35,20,26,27,15,34,35,34,18,20,32,22,5,31,21,2,34,15,24,16,38,12,27,10,9,38,23,37,23,32,16
1,0,1,0,0,1,0,2,0,1,0,2,1,2,0,1,2,0,0,1,0,0,0,1,2,0,0,1,0,0,1
24
24,16,11,15,36,15,16,30,14,12,39,26,20,1,7,6,9,3,35,34,2,17,23,31
1,0,2,1,1,2,1,2,0,2,1,2,1,0,1,1,2,2,1,1,1,2,0,1
31
33,11,27,34,7,26,21,23,1,30,21,0,13,24,35,35,2,4,0,18,32,29,11,9,33,15,39,28,14,10,33
2,2,2,1,0,1,0,0,1,2,1,1,2,0,1,2,1,1,0,0,1,2,2,2,2,2,2,0,2,2,2
37
24,10,11,12,8,37,5,9,22,14,22,39,36,33,15,31,37,39,4,16,21,38,17,27,12,0,18,33,3,2,9,27,33,38,18,35,2
0,0,1,0,0,0,1,2,2,0,0,2,1,1,0,0,0,0,1,0,0,0,2,1,2,0,1,2,0,1,2,1,1,0,0,1,0
17
13,15,20,11,23,33,7,20,7,27,15,9,14,3,25,14,35
2,2,2,2,2,1,0,1,2,0,2,1,1,2,2,1,2
31
29,16,34,0,23,24,1,24,13,38,32,16,30,9,5,38,24,37,36,29,33,17,23,26,26,38,20,18,38,22,38
2,0,2,0,0,0,0,0,0,0,1,0,1,1,0,0,0,0,0,1,1,0,0,1,1,0,0,1,0,1,0
29
17,24,21,34,28,20,6,11,35,23,31,26,31,31,31,25,10,17,38,4,15,10,34,10,22,33,16,9,17
2,0,0,0,0,0,0,0,0,0,1,0,0,2,1,1,0,0,0,0,0,1,2,0,1,2,0,2,2
29
14,16,33,34,38,37,13,4,29,3,14,38,34,9,1,23,27,21,31,30,18,20,2,5,31,1,23,26,8
0,2,1,2,0,1,2,2,1,0,0,0,2,2,0,0,1,0,2,2,1,2,2,1,2,2,2,1,2
34
35,30,9,33,9,10,13,2,32,6,3,38,9,14,15,37,3,3,35,26,21,21,16,33,31,5,32,7,35,4,4,9,39,6
2,2,2,2,2,0,0,2,1,1,2,0,2,0,2,1,2,2,1,1,0,0,0,2,1,2,2,1,1,0,1,2,0,2
26
10,24,33,19,6,32,34,28,11,4,11,28,34,19,36,0,15,29,8,9,12,19,28,3,27,36
2,0,2,2,1,2,2,1,1,0,0,1,2,2,1,0,2,2,2,2,2,2,1,2,2,2
34
29,25,30,34,2,39,28,5,0,23,37,33,6,10,10,35,19,15,4,23,29,29,38,36,32,19,21,20,36,26,37,34,37,39
1,2,2,1,0,0,0,2,1,0,1,2,1,0,0,2,2,0,0,0,2,2,0,0,1,2,1,1,1,2,1,2,1,2
33
18,37,1,25,5,19,22,14,5,27,34,10,7,23,20,35,6,4,28,15,5,13,1,24,30,12,17,16,27,11,34,21,38
0,1,1,1,0,2,1,0,2,0,0,2,0,0,0,1,0,1,0,1,0,2,1,2,2,2,2,1,0,0,1,0,0
32
9,16,29,12,29,29,6,9,34,1,29,18,38,36,2,24,33,21,37,13,38,1,31,2,7,25,31,10,0,14,3,3
2,0,2,0,0,0,0,1,1,0,0,0,0,0,0,1,0,0,0,0,0,0,1,0,0,0,2,0,0,1,0,2
19
30,36,19,22,31,16,12,12,16,14,25,27,29,34,21,9,10,37,32
2,1,2,2,1,1,1,1,0,1,0,0,1,0,0,2,2,1,1
25
23,9,22,15,36,15,30,5,29,36,0,24,20,34,37,4,11,4,8,8,34,0,9,38,35
0,1,2,0,1,1,2,2,0,1,0,0,0,0,0,0,0,0,0,0,2,0,2,0,1
36
15,21,15,27,27,21,5,24,1,6,16,34,19,1,6,31,18,11,8,26,13,1,20,3,20,21,1,16,18,39,23,19,37,11,24,22
2,1,2,1,0,0,2,1,2,2,1,2,2,1,1,2,2,2,2,0,0,2,2,2,1,0,2,0,2,2,0,2,2,1,2,2
33
23,23,16,17,11,22,17,15,15,35,22,21,38,32,23,19,32,30,39,7,9,0,20,24,31,9,8,19,19,39,6,10,20
0,1,0,2,1,2,1,0,0,1,2,0,0,1,1,2,0,2,0,0,2,1,2,2,0,2,0,1,2,1,1,0,2
31
31,6,38,13,14,11,7,15,33,23,28,15,4,4,29,4,12,34,24,13,25,17,19,33,6,9,14,16,10,33,26
2,0,0,0,0,2,1,1,0,0,1,0,0,0,1,2,0,1,1,0,1,1,1,0,0,2,1,0,0,0,1
33
19,16,15,4,13,23,3,23,8,2,8,17,35,18,23,3,8,32,0,34,9,11,17,13,9,9,17,23,0,29,14,7,34
2,1,1,0,1,0,2,1,1,0,1,1,2,1,0,1,1,1,1,0,2,0,2,0,2,2,2,0,0,0,1,0,0
17
21,37,13,26,19,17,12,5,9,36,28,5,38,10,24,29,19
0,0,0,1,2,2,0,2,1,0,1,1,0,0,0,1,1
15
18,26,29,6,26,20,6,24,37,17,32,32,31,24,13
0,0,0,0,2,0,1,0,1,1,1,0,2,1,0
31
30,0,15,27,20,29,2,33,5,28,2,32,10,4,31,17,19,38,39,27,12,25,15,24,9,28,37,19,25,31,38
2,0,0,0,0,0,0,2,0,0,0,0,0,0,2,0,2,0,0,0,1,2,0,0,0,0,0,0,0,1,0
15
10,0,32,2,25,14,13,22,7,35,19,5,32,27,37
0,0,2,2,2,1,0,2,2,2,2,1,1,0,0
27
8,15,35,33,12,18,11,35,9,15,27,18,39,5,3,29,38,30,26,20,36,8,34,20,16,23,30
0,2,1,2,1,0,2,2,2,2,1,0,0,2,2,0,1,1,0,0,1,2,1,1,0,0,1
16
16,39,13,9,32,11,31,23,13,4,4,31,32,3,29,16
0,1,0,1,1,0,2,1,0,0,0,1,0,2,0,0
39
21,15,12,11,17,28,17,1,1,2,28,7,10,11,31,3,8,23,15,16,21,6,9,28,35,23,13,13,24,21,22,31,25,26,11,18,18,33,31
0,1,0,1,1,0,0,0,0,0,0,0,0,2,2,2,1,0,0,0,1,1,1,0,2,0,0,2,1,1,2,2,2,1,1,0,1,0,1
27
24,20,0,4,21,6,12,22,20,5,19,11,39,8,27,10,31,10,23,14,34,16,24,34,18,30,16
0,0,0,1,0,1,1,1,2,2,2,1,2,2,0,0,2,1,0,0,1,1,1,1,1,2,0
30
3,8,20,22,1,2,22,25,6,35,32,35,3,22,24,25,27,27,20,9,26,14,16,38,34,4,15,22,38,8
0,0,1,1,0,0,0,1,0,1,1,1,0,0,1,0,0,0,0,2,1,0,0,0,0,0,0,2,0,0
36
9,13,23,10,2,28,29,36,6,16,19,10,24,23,1,26,18,28,36,10,18,27,38,20,25,21,5,10,13,35,39,1,19,21,38,3
1,0,0,0,0,1,2,1,0,0,2,0,1,0,0,0,0,0,0,0,0,0,0,0,0,0,2,0,0,1,0,0,2,0,0,1
23
18,39,33,3,32,36,1,26,16,30,5,30,2,39,2,32,12,20,36,15,20,12,3
0,1,0,2,0,0,0,1,0,0,1,2,0,0,0,0,1,0,0,0,0,0,1
20
5,30,39,29,20,17,22,37,22,27,35,24,6,17,19,4,17,39,32,14
2,1,1,0,0,0,2,2,1,0,1,1,1,1,2,0,1,0,0,0
19
22,37,30,16,2,25,12,37,21,20,28,38,4,13,17,3,32,38,19
2,0,2,0,0,1,2,1,0,2,1,0,0,1,2,0,1,1,2
35
0,28,2,11,27,38,36,30,30,32,32,39,10,28,24,12,18,35,27,3,2,37,36,24,34,28,28,11,34,19,16,11,35,9,17
2,2,1,2,0,0,2,2,2,2,2,1,2,2,2,2,1,2,1,2,1,0,2,1,1,0,1,2,2,1,1,2,2,1,2
25
29,8,27,3,38,16,10,1,22,21,25,11,31,8,4,25,6,28,32,23,24,30,28,4,37
1,1,0,2,0,0,0,1,2,0,0,2,2,1,1,2,0,1,0,0,0,2,2,1,0
31
4,20,23,30,39,29,6,6,26,23,18,33,21,26,5,9,30,24,1,9,9,25,4,21,3,33,6,16,10,7,27
1,1,0,2,1,0,0,1,2,0,0,1,0,0,0,2,2,1,0,2,2,2,1,0,1,2,1,0,1,0,0
23
13,24,21,34,32,26,39,25,18,38,25,5,2,5,27,2,12,12,12,0,39,36,30
0,0,0,1,2,0,1,2,1,0,1,2,0,2,1,1,1,1,0,0,2,1,2
36
29,31,35,36,17,0,20,27,15,27,21,18,0,30,33,39,5,27,2,30,15,16,26,23,19,31,34,12,19,1,3,26,24,3,31,16
2,0,2,1,2,0,0,0,0,0,0,0,0,1,0,2,1,0,1,2,0,0,1,0,2,1,0,2,0,0,0,0,0,0,1,0
26
3,4,39,5,20,27,2,22,7,18,10,9,27,19,27,28,7,18,20,17,8,3,24,33,8,8
2,1,1,1,2,0,1,1,0,0,0,2,1,2,0,0,0,0,1,1,2,1,1,2,1,2
32
39,13,33,27,7,15,30,6,2,28,35,38,3,8,16,19,13,28,12,35,16,3,19,10,21,7,27,29,32,32,35,26
2,0,2,0,0,1,2,0,0,0,1,0,1,0,1,1,1,0,2,1,0,1,2,0,0,1,0,2,1,0,1,0
15
18,35,33,30,23,11,12,15,15,19,26,38,12,3,31
0,2,2,2,0,2,0,1,1,2,1,0,1,2,1
34
20,35,39,18,11,27,10,36,27,34,14,15,6,2,30,11,7,24,34,11,20,25,1,13,3,16,4,23,6,22,16,11,10,10
0,1,0,0,1,0,1,0,0,1,0,0,0,2,2,0,0,2,1,2,0,1,0,0,1,0,0,0,1,2,1,1,0,1
26
39,2,17,6,30,0,30,12,28,2,28,34,14,20,18,27,3,12,14,38,31,2,29,19,1,24
0,1,2,2,2,2,2,2,0,2,0,2,2,2,1,1,1,2,1,0,1,0,2,1,1,1
38
34,21,6,32,35,6,26,1,16,0,29,21,27,32,25,34,10,6,27,24,30,2,32,33,20,36,18,36,20,13,9,6,28,39,7,38,12,18
0,0,0,1,2,2,2,2,2,2,2,2,1,1,2,2,2,1,2,2,1,2,0,2,0,2,0,2,1,0,2,1,1,2,1,0,0,1
15
21,34,16,21,4,24,5,16,30,16,32,38,36,3,13
0,2,0,0,0,1,0,0,0,0,0,0,1,1,0
18
1,11,26,16,19,20,29,19,7,17,17,17,1,11,31,7,9,10
1,1,0,2,2,0,0,2,0,2,1,0,1,1,1,0,1,0
30
0,7,32,3,13,28,13,8,8,25,16,3,2,28,24,20,11,0,0,6,9,14,39,10,22,12,26,16,12,11
2,0,1,2,1,0,1,2,0,2,0,2,1,0,1,2,2,1,1,2,0,0,2,1,2,2,1,1,1,2
32
17,37,31,6,22,22,17,6,39,23,13,4,21,21,9,25,14,37,0,13,35,30,27,33,34,38,22,18,17,14,0,24
0,2,1,1,1,2,1,0,1,0,0,0,0,0,0,0,1,0,1,0,1,2,0,0,2,0,0,0,1,0,1,1
20
17,18,1,2,24,35,27,37,27,31,35,38,35,22,1,9,5,7,14,28
2,0,2,1,1,1,1,1,0,2,1,0,1,0,0,2,2,0,0,1
17
24,31,21,7,37,17,27,27,10,11,1,36,3,33,22,12,6
0,1,0,1,0,2,0,0,0,1,1,0,1,0,1,2,1
18
6,38,26,36,16,9,3,22,13,4,1,23,17,26,23,28,10,17
0,0,2,0,0,2,0,2,0,0,1,1,1,2,0,0,0,2
19
32,28,36,18,19,31,15,4,11,20,13,36,21,29,22,4,28,29,17
2,0,0,0,1,0,0,0,1,0,0,2,0,0,1,0,0,1,1
30
0,9,6,9,11,16,11,14,31,31,25,13,25,4,37,3,27,0,12,2,24,15,20,12,35,7,18,15,11,19
1,2,2,2,1,2,1,0,1,2,2,0,2,0,0,2,1,0,0,0,1,2,1,2,2,1,0,1,1,1
17
7,28,36,8,18,11,26,36,24,37,16,32,38,13,27,17,32
0,2,1,1,1,1,2,1,1,2,0,1,0,0,1,0,1
15
10,38,7,3,35,18,23,17,32,35,9,13,6,11,21
1,0,1,1,2,2,2,2,2,2,2,2,2,2,0
22
18,4,22,18,13,9,30,12,21,36,38,9,30,34,12,29,33,35,34,3,3,5
1,2,2,2,1,2,1,2,1,1,0,1,2,2,2,1,1,2,2,2,2,1
33
32,3,33,11,30,15,1,1,35,5,22,38,36,15,18,23,26,6,29,13,14,11,28,22,12,8,23,38,29,0,9,37,14
2,1,2,1,2,2,2,2,2,2,1,1,2,2,2,2,0,1,2,2,2,2,0,2,2,2,2,1,2,2,2,1,2
36
28,29,1,14,26,6,26,20,12,16,10,9,32,13,36,7,32,6,33,6,6,35,6,19,17,13,39,13,20,26,25,26,23,4,37,27
0,0,1,0,0,0,0,1,0,1,0,1,0,0,1,0,0,0,2,0,0,1,0,0,0,0,2,0,0,0,0,0,0,1,1,0
37
32,14,13,8,36,29,28,22,33,6,8,3,1,26,32,31,36,26,27,2,35,7,36,37,21,13,14,3,17,0,11,16,18,35,6,8,7
0,1,2,1,2,2,0,2,2,1,1,2,2,1,0,1,1,1,1,0,2,0,1,1,0,2,0,2,2,1,2,0,1,2,0,1,0
24
34,23,12,32,14,14,30,27,9,6,32,6,4,25,15,7,21,33,39,27,35,6,39,27
1,0,1,1,0,1,2,0,0,0,0,0,1,2,2,1,0,2,1,0,1,0,2,0
18
30,4,36,24,7,33,38,31,10,24,2,31,34,31,33,36,4,27
2,1,2,2,2,2,0,2,2,2,2,2,2,2,2,2,1,0
28
6,1,39,30,32,29,30,33,6,24,15,21,35,26,16,3,34,21,34,14,39,20,12,10,26,30,31,29
2,0,1,0,0,0,1,0,0,0,0,0,1,0,0,0,1,0,0,0,1,1,0,0,1,2,2,0
31
33,38,25,4,24,33,3,33,26,28,4,17,3,0,19,5,19,19,26,25,31,9,17,11,9,23,23,37,24,7,13
2,0,2,0,1,2,0,0,0,0,0,2,1,0,2,0,0,1,1,2,1,2,0,1,2,0,0,0,0,0,0
16
11,4,19,7,0,5,10,2,30,27,4,25,15,30,27,6
1,2,1,0,0,1,0,2,2,0,0,0,2,1,0,2
34
39,33,10,13,14,34,6,28,21,22,23,34,9,7,11,28,28,22,25,36,31,37,5,7,16,11,21,13,33,18,5,17,35,36
0,0,0,0,0,0,1,0,0,1,0,0,1,0,0,0,0,0,0,0,0,0,0,0,0,0,0,0,0,0,0,2,0,0
37
13,31,4,21,27,11,17,35,30,12,19,35,6,22,33,31,20,5,15,34,19,10,31,13,23,38,30,16,24,8,21,34,36,16,27,0,8
0,1,0,0,0,2,1,2,2,2,2,2,0,0,1,2,0,0,1,1,1,1,2,1,0,0,1,0,0,1,0,2,2,0,2,0,0
37
10,28,34,8,31,29,14,13,16,21,29,16,15,7,38,30,11,32,11,24,37,17,18,2,34,4,34,26,36,20,15,27,24,32,16,29,3
0,0,1,0,2,0,0,0,0,0,0,1,0,0,0,0,1,1,1,0,0,2,0,0,0,1,2,1,2,0,0,0,0,0,1,0,1
19
27,35,15,14,28,17,18,28,5,26,6,26,18,16,10,4,1,11,10
2,1,2,1,1,1,0,0,2,1,0,1,0,0,0,0,0,1,0
23
2,33,17,14,24,14,29,16,17,30,17,34,12,13,35,17,4,13,24,38,11,39,27
1,2,0,1,2,2,1,0,0,1,1,2,0,0,1,1,0,0,1,0,1,2,0
25
22,1,18,28,39,3,15,36,26,4,14,22,2,17,25,5,16,37,26,19,5,34,11,2,3
2,2,1,2,1,2,2,1,2,2,2,2,2,2,1,2,1,0,1,2,2,2,1,2,2
32
2,38,7,14,26,35,15,25,3,11,16,25,30,14,33,28,8,13,35,3,37,36,23,16,12,19,16,26,32,20,16,21
0,1,0,0,2,2,2,0,1,2,2,2,2,1,1,1,1,0,1,2,2,1,0,0,2,2,2,2,1,0,1,0
24
39,38,21,23,37,1,18,1,27,31,18,15,29,21,13,0,1,21,32,14,21,39,38,10
2,0,0,0,0,0,2,0,0,2,0,0,1,0,1,1,0,0,1,0,0,0,0,0
33
4,2,27,25,22,29,7,35,28,12,24,21,32,36,6,22,5,14,14,39,33,13,28,15,28,22,9,3,11,33,3,19,27
0,0,0,0,2,1,0,2,0,0,1,0,1,1,0,2,2,0,0,1,2,0,0,0,0,2,1,0,2,0,2,1,0
29
26,7,28,18,30,8,9,36,9,32,24,3,4,22,38,4,7,16,0,11,34,13,17,9,14,32,18,33,24
0,0,2,2,1,2,2,2,2,2,2,2,1,2,0,0,0,1,0,2,2,0,2,1,1,1,0,1,2
30
1,21,4,6,19,27,12,1,31,25,2,12,20,36,22,6,16,27,29,4,23,6,33,32,26,13,18,37,11,2
0,0,0,0,2,0,0,0,0,0,0,1,0,0,1,0,0,0,1,0,0,0,1,0,1,0,0,0,1,1
33
25,25,10,19,3,11,24,9,21,6,23,1,31,20,6,7,37,20,7,24,27,27,30,35,24,36,37,11,36,36,30,17,25
2,2,2,2,2,2,2,1,0,2,2,1,2,1,2,0,2,2,1,1,1,2,2,2,2,1,1,2,2,2,2,2,1
39
36,21,23,14,11,30,30,29,19,7,29,34,20,39,27,38,16,11,17,27,2,14,15,21,30,30,0,10,5,22,8,15,37,18,12,31,35,8,36
1,1,1,1,2,0,2,2,2,0,1,2,2,1,2,0,2,1,1,0,2,2,1,1,2,2,2,0,2,2,1,2,2,2,1,2,2,1,1
20
34,5,2,0,17,22,31,28,22,35,5,16,17,30,5,33,26,35,24,9
0,2,1,0,1,2,1,0,1,2,2,0,0,2,1,2,0,2,1,1
34
15,15,2,22,21,27,35,3,37,23,18,10,39,39,38,17,11,13,17,11,39,26,5,23,32,15,11,30,36,12,7,37,2,19
0,0,0,0,0,0,0,0,0,0,0,0,0,1,0,2,1,0,0,1,0,0,0,0,0,0,0,0,2,0,0,1,0,0
15
21,5,32,27,23,3,1,12,10,34,38,9,9,7,4
1,2,1,1,0,1,1,2,2,2,1,2,1,1,2
21
28,16,8,5,19,9,8,11,32,31,33,18,32,15,22,25,36,8,29,12,15
0,1,0,2,2,2,0,2,1,2,1,1,2,1,1,0,0,0,1,0,0
25
32,14,11,23,36,10,18,0,16,39,15,25,14,7,29,13,32,6,17,11,1,28,20,6,26
2,1,2,1,1,1,2,1,2,2,2,2,0,1,0,1,2,2,2,1,2,1,1,2,0
