24
32,34,25,7,35,47,29,22,41,43,13,13,1,36,4,37,44,40,46,13,38,24,19,1
2,1,2,1,3,0,3,2,0,0,1,3,0,3,1,3,1,0,3,3,1,3,2,1
46
11,36,48,48,43,27,46,14,5,43,19,49,13,1,8,36,19,25,28,0,34,5,36,4,32,48,13,11,41,19,49,23,42,33,24,49,28,38,30,46,42,49,22,43,37,19
0,1,0,2,1,0,1,3,1,0,3,0,1,2,1,0,1,2,2,3,0,3,3,1,3,1,1,0,0,1,1,0,3,3,3,0,0,0,2,3,3,1,2,2,1,3
10
23,6,24,20,14,0,11,6,14,20
1,2,3,3,3,1,1,1,3,3
18
2,20,25,7,47,1,5,27,28,25,24,11,4,33,47,36,14,43
3,3,3,3,3,2,3,2,3,2,3,2,2,3,3,3,3,3
36
28,46,27,34,7,15,41,35,29,17,1,48,12,3,25,24,29,10,6,30,43,9,38,12,30,6,48,41,41,35,19,3,6,0,43,44
1,3,0,1,2,0,0,2,2,3,1,0,0,1,1,3,2,0,0,2,0,1,0,0,3,0,0,0,0,2,2,0,1,2,0,3
44
6,20,17,2,41,38,40,48,10,38,23,45,18,3,25,37,41,31,38,44,45,35,39,36,32,35,2,8,7,32,5,40,38,3,12,48,1,4,43,26,31,20,7,37
1,2,1,2,0,0,0,0,3,1,0,2,0,2,2,2,0,2,1,2,0,1,2,2,2,0,3,0,1,3,1,0,0,0,0,1,0,0,0,0,1,1,0,1
11
26,8,0,10,2,22,25,3,17,5,34
3,3,3,2,3,3,3,2,3,3,2
12
15,6,13,8,14,20,34,1,26,1,34,17
3,2,3,3,3,2,1,0,3,2,0,3
15
24,12,33,7,20,33,3,24,14,3,44,11,31,31,27
2,0,2,0,2,1,0,3,1,0,2,0,0,3,0
24
8,22,18,8,34,20,8,27,45,6,15,15,32,3,3,38,39,16,36,38,28,35,37,38
3,3,2,3,0,3,2,0,2,3,1,1,3,1,1,3,0,3,3,3,2,2,0,0
26
34,48,10,20,25,3,33,47,17,39,34,40,28,28,37,41,20,41,12,48,40,16,8,40,0,1
0,0,1,0,2,0,3,0,3,0,0,0,0,0,2,0,2,0,0,1,0,0,0,1,2,0
45
10,14,18,6,27,42,4,4,29,31,7,9,37,46,31,47,27,16,30,7,39,24,8,1,14,49,2,48,35,3,13,40,40,24,49,9,20,35,11,26,39,1,12,31,30
0,2,0,0,0,2,0,0,2,2,0,0,3,2,2,0,3,1,0,2,0,3,1,0,3,1,2,0,0,0,1,0,0,3,0,1,1,3,0,0,0,0,0,3,1
28
22,28,29,38,43,46,24,36,46,7,41,15,7,0,43,4,2,0,3,39,34,31,41,33,42,24,9,20
2,1,1,1,2,2,0,3,1,2,0,3,1,2,0,0,3,3,0,0,1,3,0,3,2,3,0,3
13
44,19,16,6,3,28,13,2,23,36,15,3,23
0,0,0,0,0,0,0,0,0,0,1,0,0
45
29,48,32,17,48,27,46,10,44,32,16,5,3,19,47,46,26,14,5,46,13,10,38,8,25,15,4,9,49,2,12,42,48,29,44,5,16,44,18,41,34,45,25,4,28
0,0,1,1,0,0,0,0,1,2,0,0,0,0,0,2,0,0,0,0,0,0,0,0,1,0,0,1,0,0,0,0,0,1,0,0,0,0,0,0,0,0,1,0,1
23
36,20,17,4,2,22,25,36,23,48,18,24,20,11,40,32,49,3,41,6,21,32,16
3,1,1,0,3,1,1,1,1,0,0,3,1,0,1,2,1,0,0,0,0,3,2
41
6,20,19,25,3,45,21,14,39,20,14,21,27,13,26,40,39,27,25,48,1,24,2,7,43,32,41,34,5,38,22,24,49,42,18,4,10,11,9,7,23
0,2,0,0,0,0,1,1,0,2,0,0,0,1,0,0,0,0,0,0,0,2,2,2,1,0,0,0,3,0,0,3,0,3,3,0,0,0,0,0,1
35
4,34,27,28,8,37,49,5,18,43,10,1,46,43,43,8,20,23,33,21,2,11,27,29,25,47,20,27,25,32,20,34,33,40,46
0,0,0,1,3,3,2,2,0,2,0,0,0,1,0,2,3,0,1,1,3,0,0,1,3,1,3,2,1,3,1,1,3,1,0
36
33,45,37,13,35,7,34,18,29,13,19,48,24,39,23,13,25,37,22,21,47,18,45,2,41,18,8,27,19,44,6,13,8,18,46,13
1,0,0,0,0,1,0,2,0,0,1,0,0,1,1,0,0,3,0,0,0,0,1,1,0,1,0,0,0,0,1,0,0,2,0,2
17
44,22,46,39,11,11,45,46,14,40,18,25,28,21,39,20,37
0,0,0,0,0,0,0,1,2,0,1,0,0,0,0,1,0
35
26,7,18,41,0,28,44,48,34,39,13,34,47,44,19,48,12,37,48,45,48,7,42,19,32,25,38,20,48,41,42,40,8,23,36
3,3,3,3,3,0,3,0,1,3,2,1,3,3,3,1,3,2,3,3,3,3,0,3,3,2,3,2,2,2,3,0,3,2,3
21
14,40,38,1,28,40,9,1,10,12,9,13,17,8,38,27,2,19,5,26,1
2,1,3,1,1,0,0,0,0,1,1,0,2,2,0,0,3,1,0,1,1
39
43,33,31,2,2,27,43,14,40,22,39,10,47,31,35,32,23,38,33,27,36,6,3,36,0,0,46,19,18,28,9,17,27,34,42,46,30,26,10
0,3,3,2,1,3,1,3,0,2,0,0,2,2,0,0,1,0,0,1,2,1,1,1,3,2,3,2,3,3,0,3,0,0,1,2,0,1,0
31
22,2,41,33,31,44,48,20,45,43,20,43,10,38,3,0,27,23,34,12,46,33,10,35,16,34,17,39,21,23,18
0,0,0,1,1,0,1,2,1,0,2,0,0,0,0,0,1,1,0,0,3,1,0,0,0,0,0,0,0,0,0
26
13,26,17,27,46,46,3,6,44,34,47,8,7,44,16,16,48,32,31,7,18,37,2,4,12,46
1,2,0,0,2,2,0,0,0,0,1,0,0,3,0,3,0,3,2,0,2,2,2,0,0,2
18
0,35,34,1,39,22,8,33,45,13,3,29,30,37,10,34,7,2
3,2,0,0,0,3,2,1,3,0,0,1,2,2,0,1,1,2
36
28,38,38,0,16,40,29,12,20,18,18,24,21,30,16,22,31,9,9,35,7,19,31,49,13,49,27,45,23,14,21,29,3,12,22,7
0,0,0,0,0,0,2,0,0,0,0,1,0,0,1,0,1,1,0,0,0,0,3,0,1,1,0,2,0,3,0,2,0,0,0,1
19
46,22,20,20,42,12,36,32,23,43,10,16,3,46,24,29,8,20,19
3,2,1,2,3,0,3,3,0,1,0,0,1,2,3,3,1,3,2
31
32,35,44,22,44,44,33,8,23,7,6,35,17,2,27,5,43,43,20,27,39,0,35,20,42,34,12,48,9,43,46
3,0,0,0,0,0,2,0,0,1,1,0,1,3,0,2,0,1,2,0,2,0,0,2,2,0,0,0,0,1,2
21
15,15,42,35,12,6,35,46,8,31,10,7,32,22,24,7,44,21,3,39,2
2,3,2,1,0,1,2,3,0,2,0,1,3,2,2,1,1,2,1,0,1
22
7,39,3,46,30,27,10,42,0,48,46,37,23,46,30,40,45,49,25,48,49,4
1,0,0,2,0,1,0,3,3,0,3,2,0,1,1,0,2,0,2,0,0,3
20
30,27,43,5,40,15,3,34,47,25,11,10,36,24,17,18,22,37,17,25
0,3,3,3,2,3,3,3,3,3,3,2,3,3,3,3,3,3,3,3
45
36,27,27,41,42,20,23,41,39,1,7,47,26,21,36,26,28,2,43,12,44,9,35,8,26,33,0,31,24,28,6,48,2,19,19,29,34,34,48,38,26,25,13,16,17
3,0,1,0,3,3,2,1,0,1,2,0,3,0,3,0,1,3,1,0,1,2,1,1,3,3,2,3,3,2,1,0,1,1,2,0,0,0,0,3,1,1,2,0,3
38
23,23,41,3,2,33,48,22,22,44,4,30,40,5,36,9,39,6,38,37,20,19,2,21,46,3,27,11,37,35,46,40,4,12,22,49,29,36
1,1,0,0,2,3,2,0,0,1,0,0,0,2,0,1,0,2,0,0,2,0,2,0,0,0,0,0,2,1,2,0,0,0,0,1,2,0
38
8,12,5,5,19,2,16,48,11,47,46,44,0,16,2,25,14,35,31,31,3,17,48,18,42,34,39,13,32,13,33,3,23,28,18,5,32,48
3,1,3,3,2,3,3,3,0,3,3,3,3,2,3,3,2,2,3,3,3,3,0,1,1,0,1,1,3,3,3,2,2,1,2,2,3,2
11
29,46,38,3,32,12,19,6,14,22,13
2,2,0,2,1,0,2,0,1,1,0
14
27,40,4,17,25,19,40,48,26,48,11,6,2,9
1,1,1,2,2,1,0,0,3,0,0,2,2,0
11
29,33,21,2,5,14,26,9,8,32,31
1,0,0,0,1,2,0,0,1,1,2
31
35,33,29,24,44,27,0,48,44,3,6,48,8,35,18,0,9,35,8,44,45,41,31,31,5,47,37,16,9,49,26
0,0,2,3,0,0,0,0,0,0,0,0,0,1,0,0,1,1,0,0,0,0,1,0,0,0,1,0,0,1,0
47
18,35,12,45,2,9,37,0,26,45,7,45,41,16,8,5,42,24,38,48,27,32,36,8,17,20,1,42,37,39,35,49,42,36,14,27,17,33,21,10,12,3,21,6,42,23,3
1,1,1,0,2,3,0,3,2,3,2,3,1,2,3,0,3,3,2,0,1,1,3,3,1,3,1,2,1,0,1,0,3,1,3,0,2,3,3,0,0,0,0,1,2,1,1
32
44,16,39,20,1,36,5,43,17,29,21,32,29,16,42,31,41,13,9,46,35,33,8,41,27,10,13,38,46,18,14,27
3,3,1,3,2,3,3,2,2,2,2,3,1,3,3,3,2,2,3,3,1,3,3,1,3,2,2,3,3,2,3,0
35
15,24,27,8,0,28,21,15,40,43,40,6,13,28,18,18,1,40,44,14,2,10,45,29,39,17,47,1,31,7,21,5,11,46,39
3,2,1,0,2,2,1,3,0,0,0,1,1,0,1,2,1,1,2,0,2,1,2,0,1,3,1,0,3,1,2,3,1,2,0
46
18,43,28,6,27,8,27,5,28,16,15,22,30,2,20,25,35,41,36,21,41,11,41,12,10,15,7,39,39,44,1,29,29,11,9,43,10,14,15,16,25,1,49,11,25,22
2,1,0,2,0,3,1,2,0,0,2,0,2,1,2,2,3,0,1,0,0,0,0,0,0,0,2,0,0,0,1,2,3,1,0,2,3,3,3,0,2,0,0,3,1,2
41
9,2,44,26,34,30,14,15,12,48,34,10,20,10,29,47,34,21,37,30,13,23,49,48,31,35,31,14,42,34,2,15,4,20,9,18,24,3,28,18,42
1,1,1,1,1,1,2,2,0,0,0,0,3,0,3,0,1,2,1,3,0,2,1,0,3,3,1,2,2,0,2,0,0,2,0,3,1,0,0,0,1
49
19,29,37,2,27,25,29,12,12,1,36,48,37,1,35,25,10,7,43,39,42,21,19,7,28,39,25,29,16,19,15,45,42,6,15,44,46,47,26,22,23,8,34,19,36,41,16,46,30
2,1,1,0,0,0,3,0,0,1,0,0,0,0,0,0,0,0,0,0,3,0,2,0,0,0,0,0,0,0,0,0,1,0,0,1,0,0,0,0,0,0,0,0,1,0,0,1,0
44
43,47,22,16,0,30,30,41,41,33,8,21,12,24,47,17,11,39,16,14,41,14,14,38,12,16,31,8,39,19,25,26,20,17,12,15,8,11,43,37,18,6,34,47
0,0,0,1,0,0,3,0,0,2,0,0,0,3,0,1,0,0,0,1,0,1,3,0,1,3,2,0,0,2,1,0,2,2,0,0,1,0,0,2,0,0,0,1
29
12,16,35,32,0,14,12,16,23,7,49,26,44,22,45,7,7,25,46,12,38,36,48,27,24,15,1,17,16
0,3,1,3,2,2,0,0,1,0,1,0,2,0,2,0,2,2,3,0,1,1,0,0,3,3,0,3,1
49
41,10,38,42,30,16,32,31,28,20,20,39,22,5,21,49,37,36,44,7,40,48,34,10,23,48,20,1,39,18,38,27,16,5,18,37,27,1,37,36,3,21,25,48,42,35,12,31,16
1,2,3,2,2,1,3,3,2,3,3,0,3,3,1,0,2,3,2,3,1,1,0,1,2,2,3,2,3,3,3,0,0,2,3,2,1,3,3,3,0,3,2,0,2,3,1,3,2
42
37,14,45,14,45,24,20,23,4,5,48,42,47,43,46,22,3,26,17,20,27,34,21,39,22,2,39,49,9,24,48,7,10,4,44,36,44,37,28,4,8,47
3,3,3,3,1,3,3,2,1,2,0,3,0,2,2,1,0,0,3,2,3,0,0,1,3,3,0,2,2,2,0,1,0,2,2,3,2,1,0,1,3,2
40
34,5,4,21,48,22,24,33,25,46,4,25,19,5,5,49,17,3,16,13,13,12,6,43,14,18,42,46,43,34,16,34,18,19,35,34,31,47,43,39
0,0,1,1,0,0,1,1,0,0,0,0,0,2,0,0,0,0,0,0,1,0,0,0,0,0,0,0,0,0,0,0,1,0,0,0,2,0,1,0
13
28,22,5,31,41,17,14,39,31,8,36,9,19
0,3,3,3,0,3,2,0,2,3,3,1,1
31
47,10,12,41,2,8,11,22,13,32,17,48,40,8,22,9,18,46,4,46,22,29,24,27,33,44,47,46,24,9,13
1,0,0,0,0,0,0,0,0,3,3,0,0,0,0,0,3,1,0,0,2,2,3,1,2,0,1,2,3,0,0
36
26,14,7,6,46,45,39,11,12,42,16,16,35,20,7,4,25,15,35,27,28,46,11,36,29,22,15,13,9,6,44,36,28,2,14,35
0,2,0,0,1,2,0,0,0,1,0,0,2,2,0,1,0,3,1,0,0,0,0,2,3,1,0,0,0,0,1,2,0,0,3,0
18
41,30,6,3,18,41,29,30,34,20,30,18,30,31,1,9,1,1
0,2,3,0,3,1,3,2,1,1,3,0,3,3,0,0,2,0
33
3,43,18,25,10,39,49,42,10,44,2,11,2,41,26,48,1,48,15,1,29,19,37,27,24,31,9,41,39,32,12,40,41
0,2,2,2,2,0,3,2,1,2,2,0,3,2,3,1,2,2,3,1,3,3,2,3,3,2,0,0,2,3,0,2,2
31
5,35,44,35,21,13,15,35,24,31,32,44,35,19,17,37,2,22,31,44,15,4,3,20,39,13,38,30,13,5,11
3,3,3,2,1,1,3,3,3,2,3,3,3,2,0,3,3,2,1,3,3,3,1,3,0,3,2,3,2,2,0
29
43,22,31,10,38,46,23,10,28,25,15,34,19,45,2,0,46,0,16,1,28,19,5,7,28,47,32,2,34
0,0,2,0,1,1,3,0,1,1,2,0,1,2,0,0,2,1,0,0,0,1,2,1,2,0,0,0,0
20
37,33,42,18,5,45,37,48,41,27,0,34,39,7,46,6,10,38,3,24
2,3,1,3,2,2,3,2,0,0,3,0,2,1,2,1,0,2,0,3
35
24,28,18,32,35,13,13,34,29,27,16,2,15,45,29,28,44,14,45,24,37,41,46,37,22,24,41,6,21,16,17,48,40,9,9
3,1,1,3,2,0,2,0,3,1,1,1,1,1,1,0,1,3,3,3,1,0,3,2,3,3,0,2,1,2,2,0,0,2,3
45
17,25,6,0,25,22,25,44,5,5,43,7,23,21,18,36,17,30,36,29,41,32,9,36,11,29,26,38,8,20,11,28,32,42,14,1,38,43,17,2,6,42,17,43,37
2,3,1,3,3,3,2,3,3,3,2,3,2,2,3,3,3,1,3,3,0,2,2,3,1,2,3,1,3,2,0,1,3,1,3,1,3,1,3,2,2,1,2,2,3
18
13,12,6,14,6,37,33,40,21,23,48,36,43,0,9,42,15,45
0,0,2,3,2,2,3,0,0,1,1,0,2,0,0,2,0,0
36
31,46,8,39,31,19,27,32,3,45,33,47,2,25,7,5,15,23,47,38,29,44,12,4,24,19,17,46,17,1,9,44,49,46,11,46
2,2,1,1,2,2,2,3,0,2,3,1,0,1,2,1,2,0,0,0,1,3,1,1,3,2,2,2,0,0,1,3,0,3,0,2
30
24,40,0,5,22,22,42,42,22,31,29,12,42,17,22,14,32,20,38,22,26,44,43,17,23,46,39,41,6,49
0,0,0,2,0,0,1,0,0,1,2,0,1,0,0,1,3,1,0,0,0,0,0,0,0,2,0,0,0,0
34
44,48,42,33,24,15,33,28,18,22,18,24,15,8,0,41,18,32,33,15,43,39,17,33,24,44,5,20,5,31,40,47,42,38
1,0,1,2,0,0,2,0,1,0,0,1,0,0,1,0,1,3,3,0,0,0,0,2,1,0,0,0,3,0,0,0,0,1
18
6,1,22,38,39,38,20,22,28,13,25,4,30,24,30,49,19,43
0,0,3,2,2,3,2,2,1,2,3,1,0,3,3,2,3,3
44
13,48,18,37,35,6,29,18,48,24,15,46,39,7,17,27,15,18,41,16,44,12,6,26,9,33,35,24,5,23,17,22,5,28,24,16,45,23,10,25,33,27,2,10
3,0,3,2,3,3,3,3,1,3,1,3,3,3,3,3,2,1,2,3,3,2,2,3,2,3,3,3,3,2,3,3,3,1,3,3,3,2,3,3,2,2,3,0
15
26,14,49,35,7,14,2,46,12,40,33,23,39,31,31
3,3,0,0,0,3,1,1,0,0,1,1,0,2,2
46
13,24,29,28,19,20,21,34,36,15,49,48,42,16,15,1,3,20,38,33,29,5,16,38,24,4,4,19,15,40,36,39,8,4,41,1,8,42,35,21,21,21,33,28,37,45
3,3,2,3,3,2,1,1,3,2,2,3,1,2,3,0,1,2,3,3,3,3,3,3,3,0,2,1,3,0,3,1,3,3,0,3,2,3,3,2,3,1,1,3,1,3
33
46,6,18,21,34,29,28,21,10,19,28,40,41,33,0,30,29,47,17,16,37,13,22,24,14,45,21,2,18,43,33,34,49
2,3,2,0,2,2,3,1,2,0,1,1,1,3,3,3,2,1,2,2,2,2,1,3,2,2,2,3,3,1,2,0,0
27
5,44,32,22,22,25,12,6,14,43,26,25,32,14,35,44,26,4,1,32,15,22,37,15,13,28,25
3,1,3,0,0,1,0,1,3,1,0,1,3,2,2,1,0,0,0,3,1,1,3,1,0,1,1
11
35,49,6,12,14,24,22,21,25,32,10
1,1,1,0,2,2,2,0,3,0,0
33
8,3,16,16,49,47,29,39,10,20,20,17,28,23,9,44,16,17,41,47,19,36,44,17,16,8,13,48,28,30,3,17,19
3,2,2,3,2,2,3,0,2,3,2,3,3,1,3,3,3,3,1,3,3,3,3,3,3,3,3,0,3,3,0,2,3
17
28,38,27,5,15,19,15,6,40,13,42,25,25,13,6,32,25
0,1,0,2,1,2,3,1,2,1,2,2,2,1,1,1,0
32
14,12,22,16,47,1,19,19,45,2,11,39,1,35,13,15,18,33,43,45,5,12,35,21,17,11,29,39,6,31,47,18
3,3,2,3,3,1,3,3,3,3,2,1,1,2,2,3,3,3,2,3,3,3,3,2,2,2,2,1,3,3,3,2
30
21,3,17,4,18,1,11,16,9,33,5,7,10,11,8,1,7,10,35,9,20,19,47,7,35,28,41,11,13,47
0,0,0,0,1,0,0,0,0,0,0,0,0,0,0,0,0,0,1,0,0,0,0,0,0,0,0,0,0,0
41
41,25,24,10,22,33,39,22,28,30,6,39,32,20,1,17,46,32,36,33,19,34,49,17,45,23,7,29,43,9,22,48,10,1,25,35,32,46,12,39,24
0,3,3,1,3,3,1,3,0,2,3,1,3,2,0,3,3,3,2,1,3,0,2,2,3,3,2,2,2,2,2,3,1,3,3,2,3,2,3,2,3
24
47,35,20,5,0,3,10,43,25,36,22,28,20,47,44,44,48,26,38,39,12,22,15,29
1,2,2,0,1,0,1,2,1,3,3,1,3,0,3,2,2,2,1,2,0,1,2,3
19
42,14,37,14,4,28,18,9,11,3,30,17,15,39,35,24,22,11,33
3,2,3,1,2,0,1,1,0,0,1,2,0,0,1,3,0,0,2
36
23,34,45,41,38,25,48,37,22,21,3,48,8,3,6,22,1,48,23,39,30,46,30,46,39,47,42,33,23,48,25,15,46,12,14,26
1,0,2,1,2,1,2,2,0,1,0,2,1,1,2,0,3,0,0,0,3,2,0,1,0,1,2,2,0,0,3,1,3,0,2,3
19
9,37,26,20,7,0,27,48,38,13,20,29,20,48,8,16,4,30,39
0,0,0,0,0,1,0,0,0,0,2,2,0,0,0,1,0,0,0
37
4,20,17,46,5,28,18,32,0,44,2,41,20,34,40,39,2,24,44,37,44,19,43,44,33,20,47,22,5,12,48,22,8,16,1,18,18
1,2,2,3,3,0,1,3,3,0,3,1,1,1,0,0,1,1,2,0,1,0,0,0,3,1,1,2,0,1,0,0,0,0,0,2,1
29
0,20,48,44,0,9,46,31,38,21,17,47,45,31,26,27,17,38,48,28,17,43,7,30,33,6,35,17,37
2,3,1,1,3,1,2,3,3,1,3,0,1,2,0,0,1,3,0,2,1,3,2,0,3,2,3,3,2
26
3,6,40,30,38,33,5,49,37,44,33,43,14,13,5,49,36,49,31,2,2,21,21,9,2,11
1,2,1,3,2,3,3,3,3,1,3,1,3,3,3,2,3,3,3,3,3,2,3,0,3,0
44
16,40,1,12,1,27,42,25,21,46,42,2,34,11,23,4,19,38,38,12,40,44,11,12,9,32,39,15,44,34,2,4,25,10,6,9,41,33,2,7,30,10,44,6
0,1,0,0,0,0,1,1,0,1,1,2,0,1,1,0,0,1,1,0,1,0,1,0,1,2,0,0,1,3,1,0,1,0,1,1,0,3,1,0,2,0,0,1
35
6,41,46,37,4,22,27,33,14,31,25,47,30,18,8,28,38,3,2,28,10,32,37,10,26,32,20,38,30,37,45,1,26,35,10
1,0,2,1,0,1,0,2,1,0,0,0,2,2,0,1,2,0,1,2,0,3,3,0,1,3,2,0,0,0,1,0,0,0,0
22
15,42,20,1,26,37,25,37,45,24,10,7,7,32,6,37,20,7,20,19,7,45
1,1,2,0,1,1,0,0,0,1,0,2,0,0,1,2,2,0,2,0,0,2
37
27,7,22,28,4,41,6,41,35,40,26,45,1,24,8,26,0,22,9,41,24,2,5,5,1,17,22,1,11,21,36,19,38,23,47,19,0
0,2,1,3,1,1,3,0,3,0,3,1,3,3,2,2,3,2,3,1,3,3,3,3,3,2,0,3,2,1,3,3,2,3,1,3,2
16
31,3,19,49,35,31,27,12,0,34,47,29,35,24,15,18
3,0,1,1,1,2,0,2,3,0,1,2,3,3,2,1
35
20,16,15,30,8,30,13,48,36,1,47,45,13,32,34,38,46,19,1,40,18,36,17,15,3,11,28,6,13,11,34,4,16,41,31
3,0,2,2,0,0,0,1,2,0,0,2,0,2,0,0,3,0,0,0,1,0,0,3,0,1,3,0,0,0,1,2,1,0,1
40
44,8,41,31,32,2,29,49,11,28,2,25,29,8,25,1,2,45,3,24,12,38,43,34,22,8,1,40,43,30,43,46,1,31,17,12,45,4,41,43
3,3,0,3,3,2,3,1,0,2,3,2,2,3,3,1,2,3,0,3,0,3,1,0,2,1,1,2,3,1,2,3,0,1,3,2,3,1,0,0
38
38,40,32,18,36,18,32,46,15,22,6,25,31,11,7,4,41,27,4,48,25,4,21,14,12,27,32,42,22,32,42,17,49,29,25,15,12,38
1,0,2,1,3,3,0,2,2,2,0,1,2,1,1,1,1,1,2,0,1,2,1,2,0,0,3,3,3,3,0,2,0,3,1,2,1,1
18
11,4,2,10,29,3,4,0,26,27,28,17,11,12,40,1,36,44
1,1,3,3,3,2,2,2,2,3,2,2,2,1,0,3,3,2
38
2,13,24,47,0,2,25,17,8,37,22,20,0,20,26,41,5,43,35,27,44,16,39,2,11,38,11,1,45,21,22,29,4,8,20,10,4,34
2,0,3,0,1,3,1,1,0,1,0,0,2,1,2,0,2,1,1,0,1,0,0,2,0,1,0,0,0,0,1,2,0,0,1,0,2,0
49
32,7,23,49,19,15,49,11,12,44,41,38,24,45,31,23,47,46,43,8,39,49,22,49,12,31,49,14,35,48,4,21,15,40,9,23,17,48,17,6,3,25,4,15,34,25,17,28,22
3,1,0,0,1,1,0,0,0,2,0,2,2,0,3,1,1,2,2,2,0,1,1,3,0,1,1,1,1,0,1,2,0,0,0,1,1,0,1,1,0,2,0,2,0,1,1,1,2
43
46,14,44,25,13,6,45,30,23,30,28,41,31,16,13,39,35,47,23,44,26,24,31,17,45,17,36,25,8,34,7,19,41,21,18,29,27,34,42,10,30,48,47
2,3,0,1,1,0,3,0,0,2,1,0,1,2,1,0,3,1,0,2,0,1,2,3,0,2,1,2,1,0,0,2,2,1,1,3,0,0,3,0,1,0,0
30
17,32,7,48,16,42,30,33,5,21,13,2,11,35,11,44,1,1,14,22,28,16,31,6,29,27,13,43,29,16
0,1,0,0,0,0,0,3,0,0,0,2,0,2,0,0,1,0,0,0,1,0,1,1,1,1,0,0,2,0
43
29,7,38,46,25,36,33,6,39,27,38,38,27,13,49,37,3,41,17,43,47,24,6,37,27,4,2,43,30,46,41,19,18,47,10,39,2,22,6,22,6,45,33
2,2,3,3,1,3,3,0,0,0,1,0,0,2,1,3,1,0,1,2,0,3,3,2,3,0,2,1,1,3,0,2,2,1,0,0,3,1,3,2,2,3,2
49
31,4,16,7,41,33,8,22,34,49,6,14,19,49,24,2,45,23,33,45,21,10,47,7,38,42,34,48,45,37,7,36,26,27,39,33,31,14,43,16,32,46,45,15,28,8,32,48,28
3,0,0,2,0,3,0,2,0,1,1,3,3,0,3,2,1,1,1,1,1,1,2,2,0,3,0,2,3,3,1,3,1,3,0,0,2,3,1,2,3,3,2,1,2,3,3,1,0
36
14,30,39,14,32,19,41,11,36,8,22,7,31,47,13,26,24,12,20,44,30,36,47,42,4,12,27,42,24,34,46,38,6,37,31,2
3,1,1,2,3,3,0,0,2,2,2,1,3,0,1,2,3,2,2,2,0,2,0,3,0,0,0,0,3,1,3,2,2,1,3,1
43
37,4,17,15,7,24,31,25,21,30,42,9,11,27,5,19,4,22,8,28,15,45,21,7,19,13,38,36,49,33,10,39,32,30,43,33,49,6,48,22,45,6,24
2,0,2,3,1,3,3,1,1,3,1,0,1,1,1,1,1,1,1,1,2,2,1,1,2,0,1,3,0,2,0,1,1,0,0,3,0,1,0,2,1,0,3
38
29,6,32,6,23,10,8,11,34,3,35,27,12,22,18,41,36,38,23,15,32,11,33,6,10,30,28,12,30,1,38,14,10,33,38,3,10,28
2,0,0,3,0,0,0,0,0,0,2,0,0,0,1,0,0,0,0,1,3,0,1,0,0,0,0,0,0,0,0,0,0,2,0,0,0,1
26
21,24,1,21,4,3,35,5,20,12,36,24,25,38,19,32,13,35,16,20,45,15,45,15,19,28
0,3,1,2,1,0,2,2,2,0,1,3,1,0,1,3,1,1,0,1,3,1,1,1,1,1
43
9,9,42,5,35,23,11,42,22,26,44,36,5,0,5,49,21,40,23,24,14,25,7,23,47,37,5,34,41,0,45,35,11,37,10,11,41,49,38,6,10,35,30
1,0,2,1,3,1,0,1,2,1,1,3,1,2,3,2,1,1,0,3,2,0,0,0,0,1,0,0,0,2,1,2,1,2,0,0,0,0,0,2,0,0,0
22
15,23,12,23,25,1,15,37,45,0,48,10,34,42,28,36,16,38,41,27,28,42
0,1,0,0,0,0,1,1,1,2,0,0,0,0,0,1,1,1,0,0,0,0
18
40,21,17,11,41,42,38,8,5,18,47,46,6,15,4,15,0,36
1,1,0,0,0,0,1,2,2,0,0,2,0,2,1,0,3,2
42
18,8,27,34,38,9,0,41,20,8,46,14,34,4,40,21,40,22,6,22,43,24,26,40,5,33,8,48,32,5,36,30,33,40,28,13,35,35,14,7,25,35
1,3,1,0,2,0,3,0,3,0,2,3,0,0,1,3,2,3,3,2,2,3,2,0,3,2,3,0,2,3,2,0,2,0,1,3,3,2,3,1,3,1
26
10,19,47,8,1,36,0,3,35,24,2,8,21,22,11,9,33,42,9,29,21,5,49,1,29,1
2,3,3,3,3,3,3,3,3,3,2,3,3,3,2,3,3,3,2,3,3,3,2,3,3,2
28
48,5,28,10,15,29,24,39,10,6,25,21,24,18,30,25,41,40,35,22,46,12,24,1,1,15,8,27
0,2,2,0,1,2,3,0,0,2,0,0,2,2,3,0,1,0,3,2,3,0,3,1,1,2,0,0
27
29,24,18,7,27,7,30,2,2,43,21,16,35,16,13,8,29,20,11,36,31,10,19,34,46,45,10
3,3,2,0,2,2,0,3,3,1,2,1,1,3,3,2,2,2,0,3,1,0,2,1,2,2,0
29
14,31,32,16,23,29,12,46,47,15,1,16,31,42,7,2,11,19,15,13,15,48,42,48,32,29,11,14,17
2,1,3,1,1,2,0,2,0,1,0,1,3,3,2,0,0,2,3,2,3,0,1,0,2,0,2,2,1
47
13,35,17,46,40,17,2,9,48,38,46,0,26,26,10,48,4,6,18,28,14,34,46,36,11,29,19,36,2,8,40,38,25,1,22,22,20,15,8,12,27,26,16,37,35,0,17
1,1,0,0,0,2,0,0,0,0,0,0,0,0,0,0,0,0,1,0,0,0,2,0,0,0,0,0,1,0,0,0,0,0,0,0,2,2,1,0,0,0,0,0,0,0,0
44
22,48,7,27,22,3,13,41,28,0,3,31,32,48,25,16,38,22,31,14,12,1,18,23,44,23,10,21,14,9,40,26,8,27,0,16,30,43,9,36,28,17,46,37
1,2,1,3,3,0,0,0,1,2,2,3,2,0,2,0,2,1,2,0,0,0,2,1,2,1,0,2,1,1,0,2,3,0,2,2,0,2,0,3,2,3,2,1
40
33,31,34,14,31,5,44,20,32,31,18,32,27,30,20,33,14,13,18,42,14,5,8,36,19,33,37,25,17,27,8,31,5,13,27,23,12,42,11,18
3,2,0,3,3,2,1,2,3,2,1,3,0,1,1,1,2,3,0,3,3,3,3,2,1,3,1,2,2,2,0,3,2,1,0,2,0,3,1,3
49
5,37,40,35,26,10,4,16,6,26,46,14,45,12,10,44,25,21,27,23,28,8,41,3,48,45,17,42,15,32,28,38,9,8,30,27,2,13,24,14,1,23,13,47,6,35,49,23,26
3,2,2,3,3,2,3,3,3,3,3,3,3,3,3,3,3,3,3,2,3,3,1,2,3,3,3,2,2,2,2,3,3,3,3,3,2,2,3,3,3,3,3,3,3,3,3,3,3
10
31,41,41,2,48,18,42,28,49,1
3,0,0,2,1,0,1,1,1,0
46
45,41,14,32,15,10,19,37,23,15,29,33,0,23,23,8,21,11,16,24,27,14,29,26,21,9,30,26,11,45,30,31,31,40,44,34,45,20,9,15,6,3,26,24,30,10
3,0,3,3,2,0,2,2,2,3,2,1,3,1,0,3,3,2,1,3,1,3,2,3,2,1,2,2,0,3,2,3,2,1,1,0,2,2,1,0,1,0,3,3,2,0
42
13,15,10,32,6,30,47,45,46,13,27,42,15,18,16,25,5,42,48,8,49,16,30,11,22,4,42,35,35,2,23,16,38,25,3,44,11,0,20,18,20,17
2,1,0,1,2,1,0,2,1,1,0,3,0,3,2,1,1,1,1,2,1,3,0,0,3,2,2,3,3,3,2,2,0,3,0,3,0,3,2,0,2,3
28
45,48,21,13,48,13,43,15,32,12,37,48,11,37,38,32,32,28,4,5,30,15,30,24,47,45,32,12
1,0,0,0,0,0,0,0,2,0,2,0,1,2,1,3,2,0,0,0,1,0,2,3,0,1,3,0
47
33,25,0,3,38,25,32,32,7,19,15,20,44,25,22,17,30,41,11,0,41,8,2,25,8,41,15,23,49,13,2,33,32,49,23,8,12,1,6,47,20,18,24,46,21,10,32
3,3,3,1,3,3,3,2,2,3,1,2,3,2,3,3,3,0,2,3,1,3,2,3,3,2,3,2,0,3,3,3,3,0,3,1,1,2,2,3,1,2,3,3,3,2,3
30
21,8,8,8,26,16,43,44,7,15,17,32,0,11,5,40,4,15,17,48,17,0,18,7,2,24,4,39,18,17
3,2,3,3,3,3,3,3,2,2,3,3,3,0,3,0,3,3,2,2,2,3,2,2,3,2,1,0,2,1
43
45,2,4,13,2,22,38,29,49,44,22,26,9,24,12,15,40,33,36,21,16,22,35,48,8,1,31,49,21,42,12,7,0,16,11,3,12,30,40,6,22,23,4
2,3,2,0,3,3,2,3,0,2,3,3,1,3,1,2,0,3,2,2,3,3,3,0,2,1,3,1,3,1,2,2,2,2,2,2,0,3,0,0,3,2,3
28
46,3,29,18,30,30,8,12,13,45,9,47,30,36,22,26,5,25,1,44,12,49,18,0,39,31,21,47
3,0,0,0,3,1,0,0,0,2,0,0,2,0,0,0,1,0,0,0,0,0,0,2,0,2,0,0
37
37,32,41,45,21,24,17,5,17,15,14,47,7,12,42,6,16,49,31,21,12,46,22,28,21,0,28,47,4,34,9,18,36,6,45,34,44
3,3,0,3,1,3,3,3,3,0,3,3,1,2,3,3,0,3,2,2,1,2,2,3,2,2,1,3,3,0,0,2,2,2,3,0,3
11
32,38,42,42,31,17,16,33,38,6,41
1,1,2,0,1,0,0,0,1,0,0
10
2,36,21,16,13,40,34,12,34,42
3,3,2,3,2,0,0,0,1,3
49
18,42,36,1,41,47,12,39,40,42,42,30,15,41,43,5,27,31,43,9,49,17,3,8,6,49,7,42,6,40,39,2,16,1,14,45,28,49,47,21,3,5,37,25,10,25,16,23,27
3,3,3,2,3,3,3,3,2,2,3,3,3,3,3,3,3,3,3,3,3,2,2,3,3,1,3,3,3,2,3,3,3,2,3,3,2,2,3,2,2,3,3,3,3,3,2,3,2
24
5,32,18,12,28,5,14,15,23,22,47,9,40,40,48,16,48,43,44,29,43,45,9,18
0,3,0,0,0,3,1,1,1,0,0,1,0,0,0,0,0,0,0,1,1,3,0,0
16
48,8,40,41,12,14,4,28,34,26,26,7,31,19,9,12
1,0,0,0,0,1,0,0,0,0,0,0,3,0,1,0
38
16,25,22,47,19,44,1,23,30,26,1,13,3,48,12,35,34,43,7,1,5,30,9,43,20,41,9,22,2,31,19,9,28,40,45,33,36,19
0,2,2,0,2,1,0,2,0,0,1,1,2,3,0,0,0,1,0,1,0,3,0,0,2,1,1,2,2,2,1,1,1,0,1,3,2,3
11
6,48,15,16,19,22,33,10,33,32,25
0,0,0,1,2,1,3,1,2,3,2
18
15,35,47,32,30,5,9,15,3,21,12,15,28,5,25,10,23,28
2,0,0,0,0,1,0,0,1,1,0,0,0,1,0,0,0,0
31
3,18,1,38,8,18,15,24,47,17,22,20,10,38,40,3,24,31,29,44,25,35,33,8,11,1,37,4,4,21,4
0,2,1,1,3,1,1,1,1,3,0,2,1,1,0,1,2,3,1,2,2,3,1,2,0,0,2,1,3,0,0
40
18,34,28,0,3,27,17,25,39,18,5,0,7,32,42,20,23,24,46,42,18,28,9,11,32,6,16,9,30,5,16,49,36,17,25,48,15,7,23,12
0,0,0,0,0,1,0,1,0,0,0,0,0,0,2,0,0,2,1,1,0,0,1,0,0,0,1,0,1,0,0,0,1,0,0,0,1,0,0,0
14
3,21,17,34,16,49,49,23,1,12,14,4,2,36
1,0,2,1,3,2,0,1,3,0,2,0,2,2
40
11,47,30,43,18,9,38,11,19,36,47,40,6,13,10,6,28,9,28,8,35,47,9,18,30,16,8,44,32,33,44,23,8,6,15,18,38,5,49,10
0,1,1,1,0,0,1,0,1,2,0,1,1,0,0,0,0,0,0,0,1,1,1,1,1,3,0,2,3,3,0,0,0,0,0,0,0,1,1,0
25
23,43,20,35,39,38,46,5,4,13,44,41,49,3,7,23,10,16,49,20,25,42,47,43,44
1,2,3,3,3,1,3,3,3,1,3,2,1,1,2,2,0,2,3,2,3,3,3,3,3
37
16,13,6,21,0,28,30,29,14,17,34,49,29,33,41,10,26,23,34,38,7,17,12,44,23,22,11,48,29,30,27,21,43,27,12,24,43
0,0,0,2,2,1,1,2,1,2,1,0,3,2,0,0,0,0,0,0,0,1,1,0,0,0,0,0,2,2,0,0,0,0,0,1,0
14
12,31,15,0,12,10,7,24,39,31,23,27,13,44
0,0,2,2,0,0,1,3,0,3,1,1,0,2
16
14,23,48,12,8,14,34,23,32,15,7,28,22,44,30,39
3,2,3,0,2,3,0,0,2,2,2,1,3,3,0,2
48
46,28,21,44,12,8,23,14,35,12,26,43,36,6,7,36,40,13,11,35,39,16,39,28,26,0,33,3,23,20,32,6,0,40,2,43,14,30,15,9,28,5,28,16,21,23,16,20
2,0,1,0,0,0,0,0,0,0,0,0,1,0,0,1,0,0,0,2,0,0,0,0,0,0,1,1,0,2,3,0,2,0,0,0,2,2,0,2,2,0,0,0,2,0,0,1
32
28,40,8,42,42,6,41,3,4,4,10,40,27,15,40,29,3,1,45,2,49,20,5,42,17,43,4,8,19,27,25,17
2,1,1,2,2,3,0,0,1,2,0,0,2,3,0,2,0,0,3,2,1,3,1,2,2,1,0,2,3,0,3,3
28
13,7,37,11,25,26,28,14,45,0,42,27,2,17,33,31,28,24,25,38,7,18,46,41,21,28,32,37
3,2,3,2,3,3,3,3,3,3,2,2,3,3,2,3,1,3,3,2,2,2,3,1,2,1,3,3
15
18,7,13,9,2,37,28,14,22,22,17,45,18,27,25
0,0,0,0,0,0,0,0,0,0,1,0,0,0,0
13
21,21,36,38,33,32,43,41,39,32,11,1,27
1,2,3,2,3,3,2,1,0,2,0,0,1
24
21,29,42,39,36,33,43,33,47,34,41,18,7,38,32,43,27,36,47,24,35,16,23,20
2,3,3,2,3,3,0,3,1,0,1,2,3,1,3,1,0,3,1,2,2,1,2,1
45
2,4,2,46,18,1,43,36,16,13,27,26,9,2,35,37,24,21,47,38,46,29,20,29,27,30,25,42,21,20,0,36,12,20,45,8,16,46,20,30,38,21,11,5,15
3,1,3,2,1,2,1,3,3,2,1,3,0,3,3,0,2,3,2,2,2,3,2,3,2,1,3,3,3,3,3,3,0,2,2,2,3,2,3,3,3,2,1,3,0
31
5,47,23,39,22,37,9,15,10,31,44,5,23,32,11,26,37,17,44,38,12,39,29,48,40,12,33,35,29,24,1
0,0,1,0,0,0,1,0,0,2,0,0,0,0,0,0,0,1,1,0,0,0,1,0,0,0,3,0,1,0,1
20
46,41,46,30,30,12,13,48,44,41,24,32,32,14,15,43,37,5,43,24
0,0,0,1,3,0,0,0,0,0,0,3,1,2,1,0,1,1,0,2
47
25,49,1,39,13,5,41,39,30,16,24,31,11,48,12,18,43,47,24,30,36,24,15,37,42,48,22,13,5,24,22,42,11,12,35,38,33,5,37,49,39,7,7,39,32,33,43
2,1,2,3,1,3,1,3,1,2,3,3,0,1,0,2,2,2,3,3,2,3,2,0,2,1,2,3,3,2,1,3,0,0,2,2,3,3,3,1,2,2,2,1,0,3,1
41
49,16,34,0,28,3,22,27,15,11,20,44,16,39,12,31,36,49,14,11,48,14,33,5,16,47,48,19,8,4,22,32,37,13,16,18,32,0,12,45,26
2,2,0,2,2,1,1,1,0,1,2,3,1,0,0,2,2,1,1,0,0,3,3,3,3,0,0,2,2,1,2,3,2,3,3,1,2,3,3,2,1
41
37,22,45,22,34,38,14,23,27,15,15,39,38,5,1,12,43,46,8,33,16,26,28,36,42,21,23,6,33,47,11,22,14,32,12,22,37,31,44,49,34
3,1,1,2,2,1,3,1,0,2,2,1,3,2,0,2,1,3,3,2,3,0,0,2,3,1,2,3,3,1,0,1,3,3,3,3,3,3,2,1,1
10
37,12,10,9,47,25,19,16,16,3
3,0,0,2,1,2,2,2,2,0
14
9,49,20,23,37,2,39,30,40,36,1,1,38,48
0,1,2,1,0,2,0,0,0,2,0,1,0,0
44
28,41,16,42,7,0,44,35,6,45,4,23,27,42,16,36,19,2,36,25,14,47,7,12,47,2,0,8,30,40,25,16,33,8,12,4,40,12,0,24,46,3,35,9
2,1,0,3,3,3,2,3,1,2,1,3,0,2,2,3,2,3,3,1,3,0,1,0,2,3,2,0,2,0,1,3,3,1,1,1,1,0,2,3,2,1,2,0
20
31,26,20,43,47,49,12,21,34,46,21,27,20,45,17,30,45,36,20,13
2,0,3,0,1,2,0,1,0,3,0,1,2,3,3,3,1,2,2,0
23
49,25,7,4,6,15,13,36,40,3,35,47,16,46,35,5,15,28,35,37,36,47,47
1,1,1,1,0,0,0,2,0,0,3,1,2,2,3,0,0,0,2,1,2,0,0
21
21,16,6,42,3,36,37,31,10,0,24,41,23,42,16,7,44,26,17,26,21
3,3,3,2,3,3,2,3,2,3,3,2,1,3,3,2,3,3,3,3,3
18
2,25,47,42,26,35,31,0,15,47,10,25,39,0,25,27,8,43
2,3,1,1,2,3,1,2,3,2,0,3,1,3,3,0,3,1
21
42,45,26,17,44,35,48,26,8,38,0,6,25,6,6,7,15,2,44,9,49
1,2,2,0,1,0,0,0,0,0,0,1,0,0,0,0,0,0,0,0,0
34
19,48,48,41,6,28,47,28,12,2,1,15,29,37,5,44,6,4,6,33,31,48,12,29,24,20,20,27,47,19,33,4,17,38
2,1,3,0,2,2,1,0,1,3,2,0,3,0,3,3,1,0,3,3,2,1,0,1,3,3,2,3,0,3,3,1,3,2
39
44,3,4,44,22,15,21,36,7,47,32,37,42,15,4,15,6,0,8,17,44,46,2,23,27,9,8,12,47,34,22,46,16,45,6,15,39,35,19
0,0,0,1,0,1,0,3,0,0,3,1,3,0,0,0,1,0,0,1,0,0,2,0,0,0,0,0,0,0,0,3,1,0,0,2,0,3,2
32
44,28,34,10,47,32,10,8,13,8,38,47,2,28,18,35,31,6,27,43,17,4,22,21,25,41,11,39,18,46,0,2
2,1,2,0,2,3,1,3,3,3,3,1,3,2,0,3,3,2,1,3,2,1,3,2,3,0,0,0,3,3,3,1
22
17,23,26,3,21,23,39,44,9,1,39,5,47,17,16,37,44,22,45,29,20,9
3,2,1,2,2,0,2,3,3,1,1,3,3,3,3,1,3,3,3,3,3,1
30
29,46,47,12,36,2,31,34,18,13,47,21,16,3,44,39,18,36,1,14,1,10,44,22,9,2,4,2,37,12
2,2,0,0,2,0,2,0,0,1,1,0,0,0,2,0,1,3,0,3,1,1,0,0,1,1,0,0,0,0
42
21,28,18,18,5,44,18,12,25,21,20,35,1,46,43,29,26,6,19,49,30,22,12,16,3,13,19,12,2,25,25,17,31,13,46,2,0,25,23,48,34,13
3,1,3,2,3,3,1,1,2,2,3,3,3,3,3,3,3,2,2,1,3,3,0,3,0,3,2,2,3,2,3,3,3,1,2,3,3,2,2,0,2,2
46
5,18,17,15,22,42,36,8,2,7,37,3,11,43,30,24,15,41,13,12,40,6,11,36,49,3,1,34,43,2,3,37,11,18,9,0,16,15,8,8,8,11,40,14,1,10
2,2,3,3,1,3,2,1,2,2,2,0,3,1,2,3,2,0,3,0,1,0,0,3,0,0,1,0,0,3,0,3,1,2,3,3,1,0,3,2,3,1,1,3,1,0
23
17,7,31,26,41,36,22,6,11,24,2,25,3,41,35,14,31,28,9,20,15,46,18
3,3,3,2,0,1,2,3,1,3,1,2,2,0,2,3,3,2,3,3,3,3,1
37
6,8,21,25,11,6,45,46,14,37,20,13,1,7,44,5,36,36,32,40,5,25,38,40,36,13,36,7,38,12,12,39,42,27,17,18,37
2,3,2,2,2,3,3,3,3,3,3,2,3,3,3,3,3,3,2,3,3,3,2,2,3,3,3,1,3,2,3,3,3,3,1,2,1
32
16,15,37,7,18,29,33,13,21,43,16,14,49,47,31,12,20,48,39,32,26,34,15,27,33,46,0,40,47,30,35,43
1,3,3,3,1,3,3,0,2,1,0,1,1,0,1,0,1,2,0,3,2,0,1,1,2,2,3,1,1,3,2,1
19
1,23,37,27,27,44,49,38,1,45,4,49,10,9,42,1,14,38,40
0,0,1,1,2,1,0,1,0,2,1,0,0,0,0,1,2,0,0
38
5,16,16,13,23,49,36,39,38,31,35,49,36,47,13,26,18,30,45,8,37,16,18,43,3,47,10,21,3,16,7,45,33,10,30,10,37,20
3,0,1,2,0,0,0,0,0,2,0,0,1,1,0,1,2,0,0,1,2,0,3,0,0,0,0,0,0,0,1,2,3,0,1,0,0,1
43
18,16,4,24,17,49,7,26,14,44,12,15,21,19,12,19,1,34,46,18,44,36,5,13,3,21,38,35,33,26,6,2,46,32,1,41,15,24,14,23,14,30,13
0,0,0,1,0,1,0,0,2,3,1,0,0,0,0,1,0,0,1,0,0,1,1,1,0,0,0,0,0,0,0,2,2,3,1,0,3,3,2,0,3,0,1
47
40,27,6,17,40,35,40,35,43,3,29,23,19,45,30,23,6,25,12,7,4,43,12,28,19,13,31,49,26,24,3,20,17,38,14,37,47,23,7,27,20,15,15,34,16,8,34
0,1,1,2,1,0,0,1,1,0,2,0,2,1,0,0,2,1,0,2,1,0,0,0,2,1,3,2,0,2,0,2,0,3,2,3,1,1,0,0,2,0,1,0,0,0,1
48
46,23,20,22,48,37,46,7,6,1,29,12,22,28,37,36,19,32,28,49,14,22,41,2,36,28,44,7,21,28,1,40,48,49,44,0,43,19,20,36,7,26,46,34,5,44,43,18
2,1,0,2,0,2,2,2,2,0,3,0,3,3,1,3,3,3,2,0,3,1,0,2,2,1,3,3,0,3,2,0,0,2,2,3,2,2,1,3,0,2,3,0,3,2,2,2
42
24,7,4,5,22,29,13,22,10,30,5,10,12,11,1,34,35,16,27,27,21,37,6,14,31,10,23,2,29,5,1,13,40,17,43,30,12,25,43,11,17,8
3,0,1,3,2,2,0,3,0,3,2,0,1,2,0,1,2,2,0,1,1,1,0,2,3,3,2,2,2,3,3,1,1,3,2,1,0,2,1,0,2,3
34
24,2,4,37,25,39,37,37,3,6,29,29,18,38,34,39,32,32,13,37,9,27,13,35,37,15,20,27,32,5,40,14,43,2
3,3,0,2,3,0,3,3,0,2,1,3,1,2,1,0,3,3,2,3,3,1,2,3,3,2,3,2,3,3,0,3,2,1
49
46,40,46,38,19,12,44,0,3,23,35,35,44,1,27,25,22,14,35,26,5,34,38,37,34,35,9,29,40,37,28,42,38,49,3,4,3,35,44,15,24,13,10,28,33,21,13,23,38
2,0,3,3,2,0,0,2,0,1,3,0,0,0,0,3,1,2,1,0,3,0,1,1,0,0,1,3,2,0,0,0,1,1,1,1,0,2,3,1,3,3,1,2,2,1,0,1,0
17
41,11,41,12,25,17,41,48,19,15,36,2,26,14,33,44,21
1,0,0,0,3,3,2,2,3,3,3,3,2,3,3,3,3
10
4,8,43,5,27,44,25,27,39,14
1,2,0,2,1,1,0,2,0,3
47
39,14,17,28,47,37,20,16,40,17,36,37,11,10,47,48,19,8,0,2,20,22,8,18,44,45,18,22,26,26,38,35,11,26,45,33,32,27,30,31,49,19,39,34,30,30,37
3,3,3,3,3,3,3,3,2,3,3,3,3,3,3,2,3,3,3,2,3,3,3,3,3,3,3,3,3,3,3,2,2,3,3,3,3,2,3,3,3,3,3,3,1,3,3
28
26,8,36,36,42,27,23,27,35,17,24,34,3,13,38,25,7,23,15,19,14,6,16,21,21,11,17,45
3,2,3,3,3,2,3,2,3,2,3,0,0,2,2,3,2,1,3,2,3,2,3,2,2,0,3,2
35
45,25,9,16,13,1,47,12,26,8,6,47,9,8,21,22,6,47,8,26,23,28,16,19,6,42,39,6,27,18,19,43,38,39,6
1,0,0,0,2,0,0,0,1,0,3,0,0,0,1,1,0,0,1,0,0,0,0,0,0,0,1,0,0,0,1,0,1,0,2
23
13,13,24,35,3,46,14,31,17,13,0,41,19,9,9,23,33,27,26,39,0,32,3
0,0,3,0,0,2,1,3,0,0,1,0,0,1,0,0,0,1,0,0,0,3,0
38
15,0,16,29,25,45,18,20,16,45,39,20,40,39,44,48,18,6,16,0,36,5,25,1,31,47,4,36,30,11,34,29,47,5,14,14,15,19
3,2,3,2,3,3,3,1,1,0,1,2,1,0,3,0,1,1,2,2,3,1,2,2,1,3,3,2,1,0,1,3,1,3,2,3,3,3
44
30,44,7,19,41,33,3,17,3,19,8,15,25,37,24,3,40,44,40,37,18,13,20,14,2,36,49,45,15,13,8,46,6,13,5,20,14,7,33,39,0,31,48,4
0,2,1,3,1,0,0,1,0,2,0,1,2,0,3,0,1,1,0,1,0,3,0,3,2,2,0,2,2,0,2,2,1,1,0,3,2,0,2,0,2,3,0,0
11
12,44,29,33,29,23,47,43,32,40,48
1,1,3,3,3,2,2,1,3,0,1
46
10,10,12,13,7,24,17,43,43,17,9,6,49,43,13,14,15,1,29,29,17,30,43,47,12,19,48,49,34,22,41,32,37,34,35,19,2,7,39,31,28,6,1,20,5,27
2,0,0,1,1,3,3,3,2,2,3,3,1,0,2,2,0,3,3,2,2,3,2,1,1,3,3,1,0,3,0,3,1,0,2,2,3,0,2,3,1,2,0,3,3,0
39
30,39,3,30,26,24,4,5,4,26,7,8,14,35,40,6,31,7,46,14,36,18,38,5,18,27,16,41,18,30,10,14,9,42,22,2,2,17,24
0,0,1,1,1,3,1,1,2,0,2,0,3,0,1,0,3,1,1,3,2,1,0,2,0,0,0,0,2,0,2,3,0,0,3,2,2,2,3
41
7,32,17,44,28,31,32,4,17,47,9,35,32,22,39,4,33,23,16,30,6,16,27,37,21,14,36,14,49,49,24,20,37,1,26,48,31,20,3,43,18
2,2,2,0,0,3,1,0,0,0,0,0,2,0,0,0,3,1,1,1,0,0,0,3,0,0,0,3,0,0,2,3,0,0,0,0,3,2,0,1,2
21
43,12,23,43,31,15,31,44,36,35,20,46,11,20,20,42,5,8,0,11,13
0,0,0,0,2,0,0,0,1,1,3,1,1,0,2,0,1,0,0,0,1
30
15,19,42,43,46,49,18,47,31,14,4,10,14,28,49,44,3,48,35,47,22,14,45,43,2,31,9,39,37,21
1,0,0,1,2,1,0,0,2,2,0,0,1,0,0,0,0,0,1,0,0,2,3,1,2,3,0,0,1,0
45
10,4,49,23,46,17,19,27,12,4,29,0,21,17,45,4,30,5,26,24,28,27,15,11,19,17,33,22,44,26,48,16,47,20,49,39,30,2,16,49,25,22,5,27,7
0,1,3,0,3,3,2,2,2,2,1,3,2,3,3,0,2,3,2,3,1,1,3,0,3,3,3,3,3,0,3,3,2,3,1,0,3,3,2,1,3,2,3,2,3
48
46,12,15,43,6,47,26,44,34,14,27,34,6,49,45,49,45,19,31,37,39,31,25,38,19,17,49,14,21,21,20,1,39,42,17,22,12,40,8,48,6,40,0,1,3,13,31,35
2,0,0,0,3,0,2,0,0,3,0,2,3,2,2,1,2,3,3,2,0,1,3,1,2,1,2,1,2,0,3,1,0,2,2,1,1,0,1,0,1,1,2,2,2,0,2,3
10
41,48,3,14,26,7,22,14,26,30
1,0,0,0,0,0,0,2,0,1
10
48,25,7,49,15,37,9,41,36,25
0,1,0,2,2,3,0,0,2,0
10
23,35,24,35,30,30,1,18,11,9
2,3,3,2,3,2,0,2,0,1
27
40,5,26,35,14,36,4,38,8,6,40,19,9,25,3,37,23,13,40,0,16,44,23,26,6,8,42
0,0,0,1,1,1,0,0,0,1,0,0,0,0,0,0,2,0,1,1,0,2,0,0,0,2,1
33
23,2,44,6,24,2,14,28,49,28,9,31,22,38,8,36,39,13,3,19,27,13,43,33,12,30,32,38,27,24,31,8,27
1,0,0,2,2,3,1,0,3,1,1,2,2,2,1,3,1,1,0,2,0,1,0,3,1,2,3,1,0,3,3,2,0
42
17,13,21,20,0,48,42,14,35,46,21,31,45,32,40,38,22,42,1,1,37,28,45,2,38,6,35,28,36,48,35,22,44,15,47,30,33,49,0,17,39,42
3,1,2,3,1,2,0,2,3,3,1,3,3,3,0,2,2,2,0,0,3,1,3,1,2,2,2,1,3,2,3,0,3,1,0,3,3,2,2,0,0,0
30
45,30,6,16,18,38,2,29,34,28,49,13,34,27,29,25,6,38,30,4,34,49,46,13,35,26,23,39,28,44
0,0,1,1,0,0,1,0,1,0,0,0,0,1,1,2,0,0,2,1,0,1,1,0,2,0,0,0,0,1
34
35,23,30,38,45,12,9,22,17,31,32,35,27,15,15,17,7,41,15,10,5,0,11,37,27,44,16,0,31,7,39,42,45,23
0,1,2,2,2,0,1,2,3,3,3,1,0,2,3,2,1,1,3,0,1,2,1,3,0,0,3,3,3,1,0,1,1,1
49
24,1,33,25,30,8,29,19,20,28,24,37,43,24,8,38,43,25,36,15,36,11,23,25,19,8,22,38,28,30,18,19,22,42,26,29,20,43,34,48,6,21,9,22,14,29,33,12,3
3,0,3,3,0,3,2,2,2,0,3,1,1,2,3,2,1,3,3,1,3,0,0,3,2,2,2,2,2,2,2,3,2,2,2,2,3,2,0,0,0,1,0,2,3,3,2,0,0
27
46,5,1,8,3,44,22,42,44,42,7,38,24,15,34,16,17,26,14,16,42,4,15,14,41,45,33
2,3,1,2,1,3,3,2,3,3,3,3,3,3,1,3,3,3,1,3,2,2,3,3,1,2,3
26
27,29,39,22,45,23,28,3,37,28,18,26,28,35,34,5,22,38,45,43,47,7,1,12,39,20
3,3,0,3,3,3,1,2,1,1,2,3,1,3,1,3,3,3,3,2,3,1,0,2,1,3
49
19,14,34,5,29,7,30,47,46,31,44,14,17,12,23,39,13,27,10,5,24,0,24,1,31,12,32,31,23,26,3,23,22,28,33,20,29,25,19,15,2,48,36,39,43,24,22,43,0
1,0,0,0,1,0,0,0,2,3,2,0,1,0,0,0,0,0,0,0,2,1,3,0,2,0,0,1,1,2,0,0,0,0,3,2,2,0,0,0,0,0,0,0,0,1,0,0,1
23
46,7,23,17,34,24,16,31,23,6,12,26,47,4,35,25,41,44,30,9,45,25,21
1,0,0,1,0,1,0,1,0,0,0,0,0,1,2,0,0,1,0,0,0,0,0
30
23,43,30,43,47,23,48,9,48,48,49,1,30,24,3,10,16,43,1,5,8,4,19,28,20,8,27,7,30,19
2,1,2,3,2,1,0,0,1,2,2,0,0,3,3,1,0,1,2,3,3,0,1,0,3,2,2,0,3,3
35
17,47,8,0,42,8,22,42,44,1,13,37,39,17,15,28,43,10,5,2,13,1,31,30,10,21,2,49,30,32,23,0,43,14,36
3,1,1,3,2,1,2,2,3,0,3,0,1,3,3,0,1,0,3,3,3,1,3,2,0,2,3,2,2,3,3,3,1,3,3
42
5,17,44,21,38,8,34,22,11,23,49,39,8,12,39,41,16,6,16,49,23,1,34,27,18,32,20,9,45,44,8,37,5,41,34,17,18,4,24,10,9,16
3,3,2,1,3,3,0,3,1,1,1,0,1,1,0,1,3,0,2,2,2,2,0,1,2,3,2,3,2,3,3,2,3,0,0,1,1,1,3,1,0,3
14
41,9,11,17,20,20,0,2,4,24,48,7,16,8
3,3,3,3,3,3,3,2,2,3,3,3,3,3
45
12,15,15,4,24,37,37,49,37,38,47,40,25,12,43,25,0,7,3,20,21,36,48,2,18,0,28,22,32,40,22,4,6,5,48,21,48,12,11,3,7,36,30,36,44
1,1,3,0,3,0,0,3,3,2,1,1,2,3,3,3,3,2,1,2,2,2,0,2,2,3,1,2,2,1,2,2,3,2,0,2,3,1,2,0,3,2,0,3,3
13
28,5,0,38,0,39,2,0,0,38,20,44,29
3,3,3,3,3,3,3,3,3,2,3,2,1
27
46,1,48,7,21,21,25,25,8,20,30,42,5,13,32,6,23,8,10,22,47,1,14,34,35,27,38
2,1,2,1,2,3,3,3,3,2,3,3,3,2,3,2,1,2,0,3,3,3,3,0,3,0,3
16
21,45,29,36,15,14,4,2,22,9,4,22,14,17,24,7
3,1,3,2,3,3,0,3,2,2,3,3,3,2,2,1
48
33,38,18,30,12,23,4,22,18,0,32,49,32,31,27,36,40,11,8,49,10,32,18,41,33,6,30,1,18,37,31,9,40,7,25,29,10,40,19,19,8,7,14,33,23,32,40,40
2,2,0,1,0,0,2,2,0,3,3,2,2,3,0,2,0,0,2,0,2,2,2,1,3,2,2,0,2,0,2,0,0,1,1,1,3,0,0,1,3,3,3,3,0,3,0,0
43
47,32,48,17,28,44,4,24,23,28,37,32,9,36,32,22,10,23,23,6,49,20,19,9,24,46,35,47,46,14,43,39,39,49,5,36,1,11,3,22,12,16,30
1,0,1,3,2,2,3,3,0,3,2,2,0,3,3,2,0,2,3,3,1,2,2,0,3,3,3,2,2,3,2,1,0,1,2,2,2,2,0,1,2,2,2
44
25,4,1,19,33,33,19,49,24,19,24,13,46,43,42,42,38,11,47,4,1,15,29,46,42,37,44,41,23,29,36,38,10,13,22,15,49,20,3,32,46,13,18,4
0,1,1,3,1,1,0,2,2,1,2,0,1,0,2,0,1,0,0,0,0,0,2,1,1,0,1,0,0,0,3,0,0,0,1,0,1,1,0,3,2,1,2,0
24
37,13,13,48,7,7,18,31,30,28,40,10,44,12,26,18,25,36,47,8,27,31,2,31
2,1,1,1,0,1,1,1,2,1,0,0,2,0,1,1,2,2,0,1,0,3,3,3
36
42,2,23,29,7,21,24,9,48,28,39,0,20,38,23,8,43,25,8,19,34,35,41,35,8,21,0,4,8,36,37,18,7,41,42,31
0,2,1,1,1,1,3,1,0,1,1,3,2,0,0,0,1,2,0,0,0,1,0,0,1,0,2,1,0,2,2,1,1,0,3,3
26
30,33,37,36,3,1,11,34,5,45,7,20,45,34,47,14,6,14,44,5,46,16,3,21,31,21
2,2,2,2,2,0,1,0,2,1,1,2,3,0,1,1,0,3,2,2,1,2,0,1,3,1
38
41,16,28,48,43,14,25,11,24,40,4,3,43,47,40,30,2,2,25,49,16,9,1,23,10,23,34,22,31,22,33,40,18,1,1,14,20,34
1,1,1,3,3,3,3,3,3,2,1,1,3,3,3,3,3,3,3,3,3,2,3,2,3,3,2,3,3,3,3,3,3,3,3,3,3,1
14
29,22,20,25,46,20,19,22,3,20,20,0,14,16
0,1,1,0,0,0,0,1,0,2,2,0,0,0
34
32,39,16,44,13,36,22,23,28,37,26,37,39,44,49,22,30,35,16,36,2,35,4,45,14,48,5,9,31,22,47,16,45,19
3,3,2,1,3,3,1,3,0,3,2,3,0,3,3,2,2,2,3,3,3,3,3,2,3,1,3,2,3,2,1,2,3,2
39
26,16,17,21,25,26,39,23,7,20,28,42,20,2,30,26,45,26,8,32,32,25,27,43,42,30,0,19,11,16,14,33,49,15,3,7,33,45,24
0,1,0,0,0,0,0,0,0,1,0,0,1,0,1,0,0,0,0,3,0,1,0,1,1,0,1,0,0,0,0,2,0,1,0,0,3,1,2
14
13,1,22,43,45,18,23,19,46,26,23,16,24,45
2,0,0,1,2,1,0,0,1,0,1,0,3,1
43
44,12,7,12,35,5,37,31,20,43,43,48,6,25,14,48,41,22,37,40,14,47,39,15,31,36,17,19,45,1,22,29,2,45,38,46,48,0,40,21,28,13,47
2,3,3,0,1,2,3,2,3,1,3,1,3,3,1,1,0,3,3,0,2,2,3,3,3,3,2,3,1,3,3,1,3,3,3,2,0,3,1,3,1,3,3
28
38,47,21,19,36,30,9,17,42,38,45,19,17,10,21,43,17,33,22,0,9,0,37,38,48,8,30,6
2,1,1,2,3,1,1,3,3,1,2,1,2,3,1,2,2,3,2,1,1,2,0,2,0,2,1,0
35
20,17,14,14,5,42,30,27,7,28,20,16,48,23,49,35,30,46,33,1,41,2,29,7,6,11,18,25,27,14,13,47,13,2,49
3,1,1,0,0,0,0,1,3,0,0,0,0,0,0,0,1,2,2,0,0,3,0,0,0,0,0,1,0,1,0,1,0,1,0
11
14,8,46,16,38,17,14,17,23,22,11
1,1,1,1,0,1,3,3,0,1,0
48
12,0,5,6,47,26,14,33,22,47,48,23,14,34,3,43,36,16,30,37,9,49,26,41,5,5,14,3,47,39,6,48,44,46,25,30,1,27,41,12,17,29,10,12,23,28,4,34
1,2,3,1,0,1,2,3,3,1,3,3,3,1,0,0,3,3,3,3,1,1,1,0,3,3,3,1,3,1,3,0,3,3,2,1,3,0,0,0,3,3,0,1,3,3,3,0
28
32,3,2,41,11,17,22,19,5,33,41,1,29,8,26,41,33,39,23,48,16,28,35,49,11,30,48,8
2,0,1,0,0,1,1,0,1,2,0,2,1,1,1,0,0,1,0,0,0,0,0,0,0,1,0,0
39
29,17,23,31,8,46,23,25,2,22,10,9,49,35,12,28,37,12,25,19,4,19,13,44,13,7,47,12,23,14,0,21,33,49,39,2,25,13,40
2,3,2,2,0,2,0,2,3,2,1,1,2,3,0,1,2,0,2,2,0,1,1,3,2,2,1,0,1,3,1,1,2,0,3,1,1,2,1
38
12,47,28,40,41,5,4,33,10,8,37,39,40,8,7,43,39,2,12,18,33,31,48,15,35,17,13,29,1,12,26,16,30,14,19,4,6,17
1,0,0,0,0,2,0,3,0,3,3,0,1,1,0,1,0,3,1,3,3,3,0,0,3,2,1,2,1,0,2,0,0,2,1,2,0,1
19
16,49,39,38,40,9,11,14,30,14,27,3,35,0,43,33,46,16,38
2,0,1,1,0,1,0,0,2,2,0,0,0,1,1,1,2,0,1
11
25,14,45,9,21,39,24,14,12,7,20
3,3,3,3,3,3,3,3,2,3,1
17
38,20,17,13,14,41,25,43,31,38,27,38,42,31,12,14,17
3,1,2,3,3,2,2,1,3,3,1,2,3,2,1,2,3
34
38,9,23,0,24,27,35,17,5,1,2,45,7,30,47,18,49,5,13,2,47,0,43,29,45,18,18,8,6,45,36,49,40,6
0,0,1,0,1,0,0,0,0,0,0,1,0,1,0,0,0,2,0,1,0,0,0,2,0,0,0,0,0,1,0,1,0,0
28
11,12,24,35,24,27,41,38,29,4,16,17,42,46,20,21,38,49,5,49,15,1,0,29,42,36,47,22
2,1,3,1,3,1,1,0,1,1,2,0,2,2,3,1,1,2,3,0,1,2,2,3,2,2,1,2
21
39,2,1,37,47,23,28,46,45,33,19,17,13,17,1,0,19,33,40,40,47
0,1,0,1,1,1,0,1,1,1,0,3,0,0,0,2,0,1,0,0,0
25
44,49,20,11,27,11,32,19,39,48,20,38,40,48,41,35,21,25,6,6,7,25,23,23,39
3,3,2,0,0,1,3,3,2,1,3,3,1,1,1,3,3,3,3,3,2,3,2,1,0
18
23,35,28,28,47,22,26,30,42,6,48,44,3,13,41,41,9,43
0,0,1,1,0,0,0,0,3,1,0,2,0,0,1,0,1,0
14
49,22,23,28,47,46,7,25,14,0,27,48,46,45
1,1,1,2,0,2,2,0,3,2,0,1,2,3
31
8,46,39,29,15,45,46,29,44,8,0,37,7,17,26,17,31,48,31,47,44,35,35,20,45,31,30,36,15,45,45
1,2,0,3,3,3,2,3,3,1,3,1,0,3,3,1,2,3,3,2,1,1,2,2,2,2,2,3,3,1,2
42
22,40,33,16,24,41,5,30,4,39,39,29,4,11,6,44,12,48,3,49,41,2,11,0,26,42,49,12,16,7,31,19,16,33,34,34,37,41,23,17,49,45
2,0,3,1,3,1,2,2,2,2,3,3,3,1,3,3,3,0,3,1,1,2,0,3,2,1,2,0,2,1,3,2,2,3,1,0,1,0,3,3,2,2
44
27,35,30,32,22,40,16,45,48,0,41,22,47,26,24,31,18,23,2,11,34,14,16,49,31,6,18,6,4,39,20,47,47,46,6,36,22,10,9,20,40,32,19,32
0,0,0,3,0,1,1,0,0,1,0,1,0,0,2,2,1,0,0,0,0,0,0,0,0,0,1,1,0,0,1,0,0,1,0,1,0,1,1,0,0,1,0,0
38
49,4,23,28,28,25,39,2,1,24,18,39,1,18,0,26,44,48,34,40,4,37,3,16,20,47,30,47,21,10,33,48,14,49,9,37,31,47
1,0,1,0,1,1,1,1,1,2,2,0,1,2,1,2,1,0,0,0,2,1,0,2,2,0,0,1,0,1,3,0,2,1,0,2,3,0
41
32,9,3,14,5,26,4,4,17,27,34,21,33,3,17,40,25,41,21,46,32,42,13,30,9,23,20,47,7,31,30,33,22,24,6,18,6,46,7,13,0
1,0,0,1,1,1,0,2,1,0,0,0,1,0,1,1,2,0,1,2,3,3,2,0,1,0,1,1,0,3,0,3,0,2,0,1,0,2,0,0,0
12
4,18,41,47,0,37,8,4,45,41,33,36
0,1,0,1,2,0,2,0,1,0,3,1
42
32,6,21,4,45,14,20,24,16,49,6,49,18,6,39,44,49,23,10,40,0,31,39,43,1,14,20,23,49,16,46,8,34,19,18,17,19,29,39,0,23,23
3,2,2,2,3,3,2,3,3,2,3,3,3,3,2,3,3,3,3,2,3,3,3,2,2,3,3,1,3,3,3,3,1,3,3,2,3,2,3,3,3,2
32
35,39,38,25,24,16,14,36,44,3,21,16,21,16,13,13,16,7,33,25,44,29,21,15,29,15,37,23,35,34,5,3
3,1,2,2,3,3,2,2,1,1,3,2,1,3,3,3,2,3,0,1,0,3,0,2,2,1,3,0,2,1,0,1
18
43,25,14,15,12,24,29,6,3,42,39,37,29,9,29,38,6,35
0,2,0,1,0,0,1,1,0,0,0,1,2,0,1,1,1,1
35
13,11,49,3,45,12,17,42,27,37,40,43,18,45,46,42,37,45,2,18,19,24,10,16,48,34,13,38,18,2,33,48,40,21,37
2,1,2,0,3,2,3,1,3,3,1,1,3,3,2,1,2,3,2,2,3,3,1,3,3,0,2,3,2,3,2,0,2,3,3
32
42,6,26,12,16,31,25,21,12,11,6,0,32,13,46,42,40,16,3,38,0,40,44,23,33,33,23,14,16,12,6,8
3,3,2,2,2,3,3,3,0,2,3,3,3,2,3,3,2,3,1,3,3,1,3,3,3,3,3,3,2,3,2,3
43
28,35,6,29,16,47,12,23,30,26,49,20,43,0,14,2,5,13,37,32,37,7,25,14,13,47,19,47,18,32,35,23,9,49,33,35,46,35,15,14,17,6,46
1,3,1,3,3,2,3,3,3,3,2,3,0,3,3,3,3,3,3,3,3,2,3,3,3,3,3,1,3,3,2,1,3,3,3,3,3,2,0,3,2,3,3
44
43,23,39,12,47,38,3,11,16,0,16,1,5,43,10,42,17,39,24,38,27,45,15,11,40,28,22,20,15,47,40,44,25,36,21,9,6,8,24,45,14,12,41,45
0,0,0,0,0,0,0,0,0,0,0,0,0,0,0,0,1,1,1,1,0,0,3,0,1,0,0,1,1,0,0,0,0,1,0,0,3,0,0,1,3,0,0,1
46
42,21,13,18,34,23,41,5,2,33,44,49,1,14,36,14,31,20,16,33,31,49,46,22,34,36,42,40,36,32,24,45,36,39,20,45,47,37,39,33,18,26,8,4,4,24
2,0,0,1,0,2,0,2,0,2,2,0,1,2,3,3,1,1,0,1,2,0,3,0,0,3,3,0,2,2,2,1,3,0,2,3,0,1,1,1,1,0,2,0,0,3
23
47,5,33,15,36,35,45,5,7,23,2,3,31,0,33,44,8,11,9,9,49,43,47
1,3,3,3,3,3,3,2,2,2,3,1,3,3,3,3,3,1,1,1,1,1,2
31
13,10,38,49,21,35,16,31,13,41,28,5,49,3,10,44,39,9,27,10,34,14,7,19,49,20,0,28,23,29,39
0,0,0,0,1,2,1,2,0,0,0,3,1,0,0,2,0,0,1,0,1,1,0,2,0,2,1,0,1,0,1
37
14,22,23,12,20,11,12,38,22,49,45,42,27,13,16,23,33,47,21,9,7,20,36,6,25,12,15,29,30,4,31,15,46,8,21,43,39
3,0,0,0,2,0,0,3,2,1,2,1,0,3,3,0,3,1,2,0,3,1,3,3,1,0,0,3,1,1,3,1,1,3,3,3,0
16
11,2,46,4,7,13,35,6,6,49,45,31,7,11,9,13
0,3,3,1,1,2,3,3,2,2,3,3,3,0,0,3
33
4,28,47,47,33,15,24,36,7,28,45,24,41,22,33,2,29,49,33,31,28,8,1,38,6,45,4,7,31,17,37,45,17
1,0,0,0,0,0,2,1,0,3,0,1,0,0,2,2,1,0,3,0,0,1,0,0,2,0,0,2,1,0,2,2,1
16
27,45,24,45,27,1,16,3,12,17,2,36,32,40,23,7
0,3,3,2,0,2,1,0,0,2,1,3,2,0,0,2
14
5,0,47,27,17,23,12,32,9,6,36,31,44,21
1,0,0,0,0,0,0,0,0,0,0,0,0,0
45
19,25,25,21,8,4,16,48,33,1,6,35,12,19,29,29,10,30,2,1,47,2,14,16,47,6,47,4,33,32,44,15,36,2,46,47,42,49,20,40,7,21,4,16,36
1,1,1,0,0,0,1,0,0,0,0,0,0,0,1,1,0,1,1,0,1,2,0,1,0,0,0,0,3,2,0,3,2,1,1,0,2,0,0,0,0,0,0,0,0
45
0,42,39,33,33,47,32,3,37,29,45,19,25,14,6,6,49,28,22,33,19,14,32,16,19,12,43,23,46,36,6,7,22,13,3,20,45,9,21,29,29,15,10,21,28
2,2,0,1,3,1,3,0,2,2,1,0,1,1,3,0,0,0,1,3,0,3,2,1,2,1,1,1,2,2,2,2,0,0,1,2,1,0,1,3,2,0,0,0,1
22
43,36,12,37,24,46,22,21,20,29,10,3,32,46,11,8,31,10,36,23,6,7
1,2,0,0,2,2,0,0,0,1,0,0,2,1,0,0,1,0,1,0,0,0
28
35,5,14,35,32,23,26,48,10,48,22,32,40,45,46,28,30,0,33,17,17,5,39,0,46,41,29,3
3,3,3,3,2,3,3,3,2,2,3,3,2,2,2,3,3,3,3,3,3,3,3,3,2,3,3,2
25
2,6,1,0,0,37,6,23,4,20,27,17,23,31,44,32,9,8,48,32,32,6,3,27,22
0,0,0,0,0,0,1,0,1,1,1,0,1,0,0,0,0,0,0,1,0,0,0,0,1
21
4,6,21,26,14,38,44,34,25,22,12,25,2,28,1,27,22,35,48,5,10
1,1,2,0,1,2,1,1,0,1,0,0,2,1,0,0,1,1,1,1,0
17
45,13,33,7,41,6,12,20,46,31,10,13,10,1,33,43,46
3,1,3,3,0,2,2,1,3,3,2,0,0,1,2,1,2
40
7,29,12,15,1,44,17,34,44,18,12,3,18,49,24,37,30,35,3,38,6,15,47,4,46,22,35,31,23,24,44,27,18,6,43,40,16,1,15,38
1,3,3,1,1,3,3,2,3,3,2,1,3,1,2,0,2,3,0,3,3,2,3,1,3,3,3,3,3,3,3,1,2,3,3,1,3,2,3,2
23
21,15,28,31,18,34,42,31,19,39,19,7,34,41,12,40,5,46,15,4,44,33,5
0,2,0,0,1,0,1,1,0,0,0,1,0,0,0,0,1,1,1,1,0,1,1
34
29,13,21,42,27,29,18,37,41,19,34,21,14,10,33,23,5,16,27,49,30,35,8,9,20,33,30,28,42,42,10,32,45,0
3,3,3,2,2,3,3,3,0,3,0,3,3,3,3,2,3,3,0,2,2,3,3,1,3,3,3,2,2,3,0,3,3,3
45
9,48,35,30,18,17,48,5,27,6,37,11,40,49,33,24,16,32,22,8,5,1,37,8,2,15,24,23,46,28,43,39,25,37,34,22,3,41,13,46,38,6,7,41,18
1,0,2,2,3,2,1,3,2,1,1,1,0,0,1,3,0,3,1,0,2,0,2,2,2,0,3,2,3,2,0,2,1,0,1,3,0,0,0,2,3,0,2,0,2
22
26,9,31,40,44,2,21,26,2,32,1,10,45,9,38,32,6,14,25,10,37,26
0,0,0,0,0,0,0,0,1,0,0,0,1,0,0,2,0,0,1,1,0,0
47
22,12,8,20,40,7,16,15,15,27,15,45,45,13,45,43,37,19,44,47,40,33,28,2,9,19,1,26,31,9,39,16,32,5,38,46,17,8,7,24,30,41,3,19,27,39,0
2,2,3,3,2,1,3,3,3,1,0,3,3,1,3,1,2,3,2,0,0,2,0,0,0,2,1,3,3,2,0,3,3,3,1,2,3,2,3,3,0,0,2,2,1,0,3
20
8,23,24,24,46,8,11,10,48,37,27,7,9,24,46,35,49,42,8,40
3,1,3,3,1,3,1,0,0,0,1,3,0,3,3,1,1,2,2,0
29
27,22,34,0,28,8,8,21,1,15,39,5,12,32,18,14,32,9,0,11,42,28,16,3,28,6,43,12,4
0,0,0,3,1,0,0,2,0,2,0,3,0,3,3,0,2,0,2,0,3,0,1,1,3,1,0,0,0
11
34,13,46,44,40,1,18,15,42,43,24
1,2,2,1,2,0,2,1,1,1,3
34
38,20,49,37,40,28,5,17,48,43,34,26,4,6,9,9,27,35,9,49,34,34,36,47,19,12,10,44,18,27,37,44,3,36
1,1,1,0,0,0,2,3,0,1,0,0,0,1,1,1,0,1,0,1,1,0,1,0,3,0,0,1,1,0,2,1,1,2
25
1,16,9,6,41,8,16,8,8,36,23,38,10,7,24,45,1,9,23,47,15,18,30,10,5
3,1,1,0,0,2,2,2,1,3,0,2,0,0,3,0,0,1,0,2,2,3,0,2,1
17
4,8,46,20,27,45,3,23,7,16,33,19,15,9,33,42,9
2,2,3,3,3,2,1,2,0,2,2,2,2,1,3,3,0
40
1,44,30,13,9,29,35,46,39,14,13,30,28,26,20,8,19,34,14,23,48,15,35,10,7,2,18,45,40,2,35,24,35,10,15,16,41,23,16,47
3,3,3,3,3,3,2,3,0,3,3,2,1,3,3,3,3,0,3,3,2,3,3,3,2,3,3,3,1,3,3,3,3,3,3,3,2,3,3,2
43
30,11,11,15,24,21,26,23,11,17,44,46,15,3,11,48,32,21,17,47,32,26,41,18,47,13,24,33,23,37,22,4,43,35,23,35,4,38,5,44,35,44,3
0,0,0,1,2,1,0,1,0,1,2,0,0,0,0,0,3,0,0,0,2,0,0,0,0,1,2,0,0,0,1,0,0,1,0,1,1,1,0,0,0,1,0
35
11,7,9,15,25,7,40,44,28,19,16,18,16,38,0,28,13,16,12,28,33,26,45,32,28,36,38,18,45,23,13,46,36,4,23
2,2,3,3,3,3,2,3,3,3,2,3,3,3,3,3,2,3,3,3,2,3,3,3,3,3,3,3,3,2,3,3,3,3,1
21
3,41,25,2,16,8,28,0,17,40,19,40,33,27,47,34,15,20,12,34,41
0,0,0,0,1,0,0,0,0,0,0,1,0,0,0,1,2,1,0,0,0
46
43,22,32,1,26,47,21,33,15,19,25,15,5,44,43,22,41,36,7,5,36,21,5,31,16,37,16,36,22,48,48,12,31,21,6,21,20,5,13,15,2,8,46,20,49,29
1,2,0,0,1,1,2,0,0,2,0,3,1,1,0,1,0,1,0,2,3,0,2,3,2,3,3,2,2,0,0,1,3,1,2,0,3,2,0,3,2,2,2,2,1,2
37
38,33,40,28,3,13,4,24,38,7,14,18,10,19,35,17,13,37,24,15,17,0,39,0,0,20,24,26,9,49,11,27,48,31,32,7,41
3,3,1,2,2,1,2,3,1,0,3,3,0,3,3,3,3,2,2,1,3,3,0,2,3,3,3,3,2,2,1,0,1,3,3,0,0
48
43,28,14,29,39,48,0,28,29,39,45,31,9,26,7,35,41,34,35,47,35,24,19,44,16,22,24,47,48,30,5,34,3,39,19,40,0,44,25,33,9,22,48,23,12,28,45,26
1,1,3,3,0,0,2,3,3,1,1,3,2,1,3,3,0,0,2,1,2,3,1,1,1,2,3,1,0,2,3,0,3,0,3,0,3,3,3,3,0,2,0,1,0,2,3,2
15
43,8,36,2,33,7,9,46,40,41,42,8,13,36,26
0,3,2,2,0,1,1,2,0,0,3,3,0,3,0
30
37,7,42,31,7,43,9,22,3,47,37,29,40,22,4,20,5,48,16,24,23,21,12,16,13,33,25,18,25,2
3,0,0,3,0,1,1,0,1,0,2,2,0,1,0,2,2,0,2,3,0,0,0,0,0,0,3,2,0,0
28
8,22,30,31,30,16,47,38,21,34,29,39,36,25,5,33,31,24,12,37,37,1,4,10,10,23,13,44
1,2,2,3,1,1,1,3,1,0,1,1,2,2,1,3,1,2,0,2,0,0,0,0,0,2,0,0
48
22,36,22,38,27,18,48,47,29,20,23,20,25,49,35,25,32,35,3,8,7,1,28,22,5,42,35,45,20,21,8,33,25,0,35,43,4,40,21,3,47,1,15,15,21,42,0,14
1,2,0,0,0,0,0,0,0,2,0,3,1,2,0,1,2,2,0,0,2,0,0,0,2,0,1,0,2,1,0,2,0,1,0,0,0,1,0,0,0,0,2,0,0,2,1,0
24
41,30,21,5,32,28,20,29,20,35,21,45,19,21,39,10,46,30,39,12,17,21,16,37
0,1,2,3,3,2,3,3,3,3,3,3,3,2,0,3,2,0,1,2,3,3,3,2
22
23,44,9,41,21,38,21,36,38,19,9,9,25,24,27,12,14,5,11,18,31,10
2,1,0,1,0,3,2,3,1,3,0,2,1,3,0,0,3,2,1,1,2,1
39
17,23,5,3,2,48,46,5,25,43,37,10,28,19,9,25,47,26,49,13,35,11,22,20,7,38,8,23,30,24,16,41,28,2,20,7,13,38,15
1,1,2,0,1,0,2,1,0,0,2,0,1,1,1,1,0,1,1,0,0,0,1,2,1,1,0,1,0,3,1,0,0,0,2,1,1,0,1
48
43,21,38,41,29,19,31,41,24,22,4,49,40,29,47,38,26,41,36,6,4,14,41,7,8,10,21,33,34,12,10,31,41,14,37,0,45,49,23,42,39,21,2,13,1,31,47,37
3,2,2,0,2,3,2,0,3,3,0,1,1,2,2,2,3,1,3,3,3,3,0,2,2,3,3,3,0,0,0,2,0,3,3,2,2,1,3,3,1,3,2,2,0,3,2,3
34
30,20,44,2,11,39,45,40,24,16,37,35,35,18,43,1,16,29,46,9,34,35,32,0,17,3,46,26,24,27,21,41,24,16
2,3,1,2,0,2,3,0,3,2,2,1,3,2,1,0,3,3,3,2,0,3,3,3,2,1,3,2,3,1,2,0,3,3
49
6,32,3,42,6,17,3,48,10,42,19,10,14,45,16,33,49,47,11,41,27,47,34,7,26,21,23,1,30,21,0,13,24,35,35,40,2,4,0,18,32,41,29,11,9,33,15,39,45
3,3,1,3,3,3,0,0,0,2,2,0,3,3,3,3,0,0,2,0,2,0,0,2,3,3,2,1,3,2,3,3,3,3,2,1,3,0,3,2,3,1,2,1,2,3,2,3,3
41
37,39,45,4,16,21,38,40,47,17,27,12,49,41,0,49,18,33,3,42,2,40,9,27,33,38,46,18,41,45,35,42,2,22,16,6,25,42,17,45,45
3,0,3,3,2,2,1,0,0,3,0,0,0,0,3,1,1,3,0,3,3,0,0,1,3,2,3,3,0,3,2,3,3,3,2,1,3,3,3,2,1
37
15,9,14,3,25,14,35,31,42,37,3,40,8,34,27,36,46,8,1,2,43,47,4,9,27,14,13,45,22,12,15,29,39,7,16,29,16
2,0,2,1,1,3,1,0,2,0,0,0,0,0,0,2,2,0,0,2,0,1,0,1,0,2,0,1,0,0,1,2,0,1,0,1,3
35
25,6,9,4,46,11,31,41,30,21,16,19,19,42,7,46,33,48,22,37,27,12,28,7,10,46,44,17,49,24,48,21,44,34,28
2,0,2,1,3,0,0,0,1,0,3,2,2,0,1,2,2,1,0,0,0,0,1,0,0,0,0,1,0,2,1,0,1,0,0
34
0,47,14,31,13,40,20,46,6,35,20,49,39,11,14,14,16,33,43,34,38,37,13,4,29,3,14,38,34,44,9,1,43,23
2,2,3,3,0,0,3,3,0,3,3,1,1,2,2,2,2,3,3,0,1,1,3,1,3,0,2,1,2,3,3,0,1,2
15
32,38,11,35,30,9,33,40,9,10,13,2,32,6,3
3,3,1,2,3,3,3,1,2,0,2,2,3,3,1
19
39,6,11,29,24,27,42,12,46,48,21,17,26,7,5,10,28,40,4
0,0,1,1,3,1,3,0,1,0,0,1,0,1,1,0,3,1,0
19
30,43,10,24,45,44,33,19,6,32,34,28,11,4,11,28,34,19,36
3,1,1,2,3,2,3,3,1,3,2,0,1,3,0,2,1,3,2
38
1,16,44,30,27,42,47,38,29,34,47,19,15,33,13,25,19,41,23,42,17,42,8,18,19,41,29,25,30,34,2,39,28,5,0,23,37,33
2,3,2,3,3,3,1,3,2,3,3,2,2,2,3,3,2,1,3,2,3,2,1,1,3,1,2,3,3,1,3,0,3,2,2,2,1,3
39
24,23,9,1,37,31,34,36,6,6,26,9,32,42,6,5,5,12,47,12,1,18,18,49,37,1,25,5,19,22,14,5,27,34,10,7,49,48,23
1,0,0,0,0,2,0,0,2,2,0,0,2,2,2,1,2,0,0,0,0,0,0,1,0,0,2,1,0,0,1,0,1,0,0,0,2,0,2
41
39,12,42,16,14,32,15,12,21,22,35,42,49,49,9,16,29,12,29,45,29,6,9,34,1,29,18,38,36,2,24,33,21,37,13,38,1,31,42,2,40
3,2,3,3,3,3,2,2,1,2,3,2,1,1,3,2,2,0,2,3,3,1,0,0,0,2,3,2,3,3,3,3,2,2,3,1,2,3,3,3,1
26
12,48,49,12,16,14,25,43,27,41,44,29,42,34,21,9,10,37,32,5,36,6,43,11,6,1
0,1,1,0,3,2,1,0,1,0,1,3,2,0,2,0,1,2,1,3,1,3,0,0,0,0
30
34,37,4,48,49,11,4,8,43,8,34,0,46,9,45,38,35,36,47,34,16,12,5,36,47,31,10,16,4,5
0,1,0,0,0,0,0,0,1,0,0,3,1,2,2,0,0,1,0,0,0,0,2,1,1,2,1,0,1,2
36
13,1,20,3,20,47,21,48,1,16,18,39,23,19,37,11,24,22,49,33,31,23,41,24,2,24,27,11,25,47,43,7,4,10,41,34
2,0,3,1,3,2,3,3,0,2,3,1,0,2,0,3,3,3,3,3,1,0,1,3,3,3,3,1,3,3,1,1,0,0,1,0
42
23,19,32,30,39,7,9,0,20,24,31,45,45,9,47,8,19,47,19,39,6,10,20,37,46,18,45,14,5,9,45,15,44,10,34,7,27,2,1,13,28,46
2,3,3,2,3,1,1,3,2,3,2,2,0,0,1,3,3,2,3,2,3,2,3,1,3,3,3,3,2,0,3,3,2,0,1,2,1,1,0,2,2,2
29
33,6,46,9,14,16,10,33,26,20,30,49,3,40,48,16,48,47,19,24,39,22,14,32,18,14,40,4,15
3,1,3,0,3,3,0,2,2,2,3,1,0,1,0,3,0,3,3,3,2,3,3,3,1,3,0,3,3
45
18,23,3,8,32,0,34,9,11,17,13,9,9,17,23,0,29,14,7,34,17,40,15,20,14,4,44,6,47,6,26,24,21,47,12,16,40,43,12,25,8,4,38,32,3
1,2,2,3,3,3,2,1,2,3,3,2,3,3,2,3,3,3,0,1,3,0,2,3,3,1,3,3,2,2,3,3,3,2,1,3,2,2,2,2,3,0,1,3,0
46
26,47,13,44,33,1,43,32,18,26,47,29,6,26,20,6,47,24,37,17,32,32,31,24,13,37,37,3,43,17,9,34,34,39,22,24,0,17,14,24,31,19,16,10,12,24
1,0,2,2,1,0,1,3,0,1,0,2,2,2,1,2,2,2,3,3,3,2,2,3,1,0,2,0,1,2,2,1,0,0,2,3,3,3,0,3,1,1,2,1,0,3
13
35,2,4,24,30,10,7,25,1,27,47,9,49
3,3,3,3,1,1,2,2,1,0,1,2,1
17
35,19,5,32,27,49,37,29,45,42,16,8,27,6,45,27,16
0,1,3,2,0,0,0,1,2,2,0,0,1,2,1,0,0
28
39,5,3,29,38,30,45,26,44,20,36,8,34,41,46,20,16,23,30,5,34,49,36,12,24,31,0,48
0,0,0,2,0,2,1,1,3,2,3,3,1,0,2,3,1,2,3,3,0,0,3,0,2,3,2,0
21
31,48,23,13,4,4,46,31,44,48,32,45,3,29,40,16,2,12,43,47,35
2,0,1,0,0,0,2,2,0,0,3,1,0,0,0,2,3,1,0,2,1
38
7,10,11,31,3,8,23,48,15,16,46,21,6,9,28,35,23,45,13,13,24,45,21,49,46,22,31,25,26,44,11,18,18,33,31,28,20,34
1,1,0,3,0,0,0,0,1,0,1,2,2,2,3,1,0,1,3,2,3,1,2,0,2,3,3,3,1,2,1,2,2,3,3,0,2,0
34
20,0,4,21,6,12,44,22,20,5,19,11,39,8,49,27,10,31,10,23,14,40,34,16,24,48,34,18,40,30,16,49,22,46
2,2,2,2,2,0,0,3,3,3,3,0,1,1,0,2,2,3,2,3,2,2,1,3,3,1,1,2,2,0,2,0,2,2
42
48,35,3,22,24,40,25,27,27,20,9,26,14,16,38,34,4,15,22,38,47,8,32,34,39,49,23,23,49,23,18,38,24,30,37,24,26,31,10,4,43,32
0,0,1,0,3,0,1,1,0,2,1,0,1,0,1,0,0,0,1,0,0,0,3,0,0,0,1,0,1,0,0,0,2,1,3,3,1,2,0,1,0,2
49
40,1,42,19,21,38,3,28,45,23,0,23,29,11,18,36,39,42,3,14,19,43,19,20,9,29,23,47,39,39,37,2,28,7,28,9,4,10,3,48,34,49,39,11,20,15,13,20,47
2,3,3,3,3,3,3,2,3,3,3,3,3,2,3,3,1,3,3,3,3,3,3,3,2,3,3,3,2,3,3,3,3,2,3,3,3,3,2,3,3,2,0,3,2,3,3,3,3
48
5,5,30,40,39,29,20,40,43,17,22,37,22,27,35,24,6,17,19,4,17,41,39,32,14,34,46,45,0,20,7,6,40,49,43,39,39,29,37,34,1,45,7,37,3,36,20,12
0,1,1,0,0,2,2,1,0,0,0,0,0,0,0,3,1,1,1,1,1,0,2,2,0,0,2,2,0,0,1,2,0,0,0,0,1,0,0,0,0,0,0,1,0,2,1,0
42
32,46,39,10,45,28,24,12,43,18,35,27,3,2,37,36,42,24,40,34,28,40,28,11,34,19,16,11,49,35,9,17,29,7,40,12,30,5,6,20,37,42
1,2,0,0,0,0,3,0,0,0,0,0,0,0,0,1,0,1,0,0,0,0,0,0,0,1,0,0,0,0,0,0,1,0,0,0,0,0,1,1,0,0
34
30,28,4,37,44,10,31,7,19,33,46,41,7,1,20,14,5,4,2,42,42,15,34,8,34,18,42,45,33,38,9,9,19,0
3,0,1,1,3,3,3,1,2,3,2,0,2,3,2,3,1,2,3,3,3,2,0,2,1,3,3,3,3,3,1,0,3,3
42
24,20,11,25,28,37,34,36,45,43,44,44,28,48,23,14,5,31,43,33,35,19,11,34,48,37,16,26,16,10,38,1,1,28,44,23,23,15,30,48,42,8
3,3,1,3,3,2,0,3,3,3,1,3,0,1,0,2,0,3,1,2,2,2,3,0,0,3,3,3,3,3,2,3,2,2,3,2,0,1,3,1,2,3
41
35,44,36,17,0,20,27,47,15,47,27,21,18,47,0,30,41,33,45,39,5,27,2,30,15,16,43,26,23,19,31,34,12,47,42,19,47,1,3,26,24
3,3,3,2,3,3,3,2,0,2,2,1,2,2,3,2,0,3,3,0,3,2,0,2,2,2,2,2,0,3,2,1,0,1,2,2,1,0,1,3,2
15
20,27,2,22,7,18,10,49,9,27,19,43,27,28,7
2,0,3,3,1,1,1,3,2,2,3,0,3,1,2
26
35,18,6,42,44,20,27,2,13,1,28,17,36,44,44,23,45,11,44,31,17,12,3,22,9,4
3,0,0,0,2,2,1,2,2,1,1,2,1,1,2,1,3,1,3,2,3,0,0,1,0,0
45
26,19,32,24,43,42,18,46,20,41,32,2,13,14,32,41,21,0,30,46,34,19,31,11,15,7,13,17,29,32,33,43,48,33,48,6,5,5,21,7,36,14,25,38,2
1,1,2,2,2,0,1,2,3,0,2,0,0,0,3,0,1,2,1,0,0,0,3,0,1,1,0,0,1,1,2,0,1,3,0,1,2,2,0,0,0,1,1,1,3
34
43,49,34,11,20,25,1,13,45,3,16,46,47,4,23,48,6,22,46,16,11,10,10,33,46,36,49,28,47,35,26,41,21,1
1,1,0,0,3,2,0,0,3,1,3,2,1,1,0,0,2,2,3,3,1,1,0,2,3,2,0,1,0,3,1,0,3,1
24
20,18,27,3,44,12,14,47,38,31,2,29,19,1,49,24,10,0,47,48,47,9,16,29
3,3,0,2,1,0,1,0,2,3,2,2,0,0,1,1,0,0,0,0,0,0,0,2
31
45,6,32,44,35,43,6,26,1,16,0,45,29,21,27,32,25,34,10,6,27,24,40,30,2,32,33,20,36,48,18
2,1,3,2,3,2,3,3,1,3,2,2,3,2,0,3,3,0,2,2,3,2,1,3,3,3,3,3,3,1,3
39
4,41,5,2,48,41,23,43,0,49,35,14,40,37,43,17,22,46,28,40,21,23,44,47,12,32,49,21,34,16,21,4,24,5,16,30,16,32,38
1,0,3,3,0,0,1,2,1,1,1,2,0,0,0,3,2,2,0,0,2,0,1,0,0,1,0,0,0,0,1,0,1,1,3,2,2,2,0
11
11,20,4,6,3,42,40,35,21,28,8
0,3,0,0,1,1,0,1,1,1,0
13
45,2,28,24,20,11,0,0,44,45,47,6,9
1,3,3,3,2,0,3,3,1,3,1,3,0
42
41,14,3,0,31,10,29,36,18,35,33,6,44,19,11,31,1,21,40,47,39,23,49,30,3,23,42,16,39,18,39,37,33,46,32,5,35,12,46,8,34,33
3,2,0,0,3,1,2,3,3,2,3,3,1,2,0,3,1,1,1,1,1,0,1,1,0,3,2,0,1,3,2,2,2,2,3,3,3,1,2,2,1,3
32
25,43,26,8,45,37,46,12,6,10,9,32,38,49,2,40,28,36,44,15,15,43,49,42,48,6,14,37,5,17,18,1
2,0,0,0,1,3,1,0,1,0,0,2,0,1,1,0,0,2,0,2,0,1,1,2,0,0,2,0,3,1,3,1
32
26,34,24,31,21,7,37,17,27,27,10,11,1,36,3,40,44,44,46,33,22,12,6,31,22,48,7,49,46,46,36,33
1,0,3,3,0,1,0,1,1,0,1,0,1,1,0,0,2,0,2,2,0,1,0,2,0,0,0,1,3,0,0,3
13
19,20,2,24,3,46,10,15,35,5,30,39,12
2,3,3,3,0,3,0,1,2,3,0,0,0
23
36,21,29,22,4,28,29,17,45,49,0,38,16,2,41,6,26,27,43,30,14,47,7
1,0,1,1,1,0,1,2,2,1,2,2,3,1,0,3,2,2,0,3,3,1,0
13
27,0,12,42,2,48,49,24,41,15,20,12,43
0,2,0,2,3,0,1,2,0,0,2,0,2
45
27,26,38,12,42,39,26,30,1,17,25,41,30,37,21,35,18,13,13,49,28,16,49,49,36,8,0,3,6,10,13,41,18,39,2,7,28,49,36,42,8,18,11,26,36
0,2,2,1,2,0,0,0,0,1,2,0,3,1,1,0,0,3,0,0,0,0,0,1,2,1,0,1,2,0,0,0,2,1,3,0,0,0,1,1,0,2,0,1,1
31
45,33,19,7,21,26,33,20,14,4,37,16,7,18,4,22,18,13,9,30,12,21,36,38,9,30,42,34,12,29,33
1,0,2,2,0,1,3,3,3,1,3,0,2,2,0,2,1,3,0,2,0,1,3,2,3,1,1,0,0,1,3
11
48,1,35,5,22,38,46,43,36,45,15
1,0,0,1,0,2,3,1,0,2,1
18
23,38,29,0,9,37,46,14,8,12,22,32,8,2,29,8,24,46
0,0,0,0,0,0,0,0,1,0,0,3,0,0,1,0,1,0
45
5,26,6,48,31,7,32,46,43,14,26,29,21,46,28,40,47,29,1,14,46,26,6,26,20,12,16,10,9,32,13,36,7,32,6,33,6,6,40,35,6,19,17,44,42
0,0,0,0,3,1,2,0,1,1,0,2,0,0,0,0,0,1,1,1,2,0,0,0,2,0,0,0,0,1,0,2,0,2,1,3,0,0,0,0,0,1,2,2,0
32
32,49,14,13,8,43,36,29,28,22,33,6,8,49,3,1,26,32,31,43,44,45,36,26,27,2,35,48,42,7,43,49
3,1,2,2,1,0,3,2,2,2,2,1,1,1,1,1,0,3,3,1,2,2,2,0,1,2,2,1,3,0,0,0
19
33,21,3,31,28,45,10,45,12,3,1,33,42,21,4,8,19,20,16
3,2,2,2,1,2,0,2,0,1,2,1,1,1,1,3,2,1,3
25
7,21,33,39,27,45,35,46,6,39,42,27,1,8,5,0,2,9,36,43,22,32,8,12,27
1,3,3,3,3,3,3,3,3,1,3,3,3,3,2,3,3,3,3,3,3,3,3,3,3
44
31,33,36,4,44,27,27,7,26,15,17,24,47,0,7,20,33,23,36,25,46,13,28,29,2,6,35,10,31,11,14,37,23,0,17,45,6,41,40,1,39,30,32,29
3,3,3,3,0,0,2,3,3,2,3,3,2,3,1,3,3,2,3,2,3,0,2,3,3,2,2,3,3,0,3,3,1,3,3,3,3,1,0,2,1,3,3,3
45
46,1,14,48,33,38,25,47,4,47,24,33,46,3,33,26,41,28,4,17,3,0,49,19,5,19,19,45,26,25,31,9,17,40,11,9,23,23,37,45,24,7,13,42,30
3,2,3,1,3,0,1,0,0,0,3,2,3,0,2,0,0,1,3,1,1,2,1,2,0,0,0,1,1,1,3,0,3,1,1,1,0,2,0,1,2,1,2,2,1
18
38,34,42,26,11,24,42,28,30,33,32,26,1,13,12,23,4,33
1,0,3,0,1,3,0,0,1,3,2,1,1,1,1,2,1,3
38
22,25,36,31,37,5,7,16,11,21,13,33,18,5,17,35,36,37,14,37,39,8,5,1,15,0,29,47,32,0,38,15,16,47,47,37,17,21
0,0,2,1,0,0,0,0,0,0,0,2,0,1,1,1,1,1,3,0,0,0,0,0,0,0,1,0,1,0,0,2,2,0,0,0,1,0
29
41,40,10,31,13,23,43,38,42,30,16,24,8,21,44,47,34,36,16,27,0,8,48,12,46,31,27,30,7
0,0,0,3,0,3,0,1,0,2,2,3,1,1,1,0,0,3,1,0,2,0,0,0,1,3,0,1,2
34
30,1,1,22,46,10,28,41,34,48,8,31,29,14,13,16,21,29,16,15,7,38,30,11,32,11,24,37,47,17,18,2,34,4
0,1,0,2,0,0,1,0,0,0,0,3,2,1,3,3,0,2,0,2,2,0,2,0,2,1,3,1,1,1,1,3,0,1
18
13,10,36,13,18,7,6,6,2,2,17,44,32,36,27,35,15,14
0,0,2,0,1,1,1,0,3,2,3,0,3,3,1,3,3,2
22
4,41,7,49,0,4,10,42,47,9,14,38,46,28,24,47,5,10,16,14,15,1
1,0,2,1,0,0,0,3,0,1,1,0,3,0,3,0,2,0,2,0,0,0
37
34,0,2,42,49,6,8,35,22,23,9,49,47,11,18,31,23,21,2,39,26,18,8,48,12,1,35,28,10,33,3,3,0,24,25,10,22
2,3,3,3,1,3,3,1,3,0,0,2,2,1,1,3,2,1,3,0,1,1,2,1,0,2,1,1,1,2,1,1,3,3,3,3,2
47
25,30,21,5,19,20,9,18,34,25,6,36,7,4,43,35,27,49,2,38,7,14,26,48,35,15,25,44,43,3,11,16,40,43,25,30,14,33,28,8,13,35,3,37,36,23,16
3,2,3,2,1,2,3,3,0,3,3,3,2,1,3,3,3,2,3,3,3,3,2,1,3,3,3,2,0,3,2,3,3,2,2,3,2,3,2,3,3,3,2,2,3,3,2
25
29,21,13,0,44,1,21,45,32,14,49,40,21,39,38,40,40,10,3,6,20,6,3,11,26
2,2,3,2,0,2,1,2,3,3,1,1,1,0,1,0,0,0,0,1,2,2,0,0,0
38
12,24,21,45,32,36,6,22,5,14,14,39,33,13,28,15,28,22,9,46,3,11,41,33,3,19,27,27,5,13,34,46,0,18,0,12,7,17
1,3,2,3,3,3,2,2,3,3,2,0,3,3,0,2,0,3,3,2,0,2,0,3,0,3,1,1,3,3,1,2,2,2,3,0,3,3
48
4,7,16,0,49,11,34,13,47,17,9,14,41,32,18,33,44,24,15,7,34,20,18,45,10,43,10,10,21,20,26,17,41,47,39,37,29,44,46,44,32,20,1,12,1,42,44,30
2,2,2,3,0,1,1,0,1,3,1,3,0,3,2,3,2,3,1,3,1,3,0,3,0,1,2,2,1,3,3,3,0,3,1,2,3,2,3,2,3,2,0,1,1,3,2,1
47
19,26,7,36,2,1,21,5,38,39,35,43,23,11,16,21,18,8,11,31,30,16,22,9,29,18,25,25,10,19,44,3,46,11,24,9,21,6,23,1,31,20,6,7,37,20,7
3,0,0,2,3,0,0,3,1,0,2,1,1,1,1,2,1,0,0,1,0,2,1,0,2,0,2,0,0,2,1,0,2,1,3,1,1,0,0,1,3,2,1,0,0,2,2
33
14,11,45,30,42,30,29,40,19,7,43,29,34,20,46,39,27,38,16,11,49,17,46,27,2,14,15,21,48,30,30,0,10
3,0,2,2,2,1,2,0,2,1,1,3,1,3,2,0,0,3,1,0,0,3,3,0,3,2,2,0,0,0,3,3,0
26
45,44,7,41,8,36,26,35,5,5,44,3,21,39,26,36,1,8,10,19,42,38,13,25,37,29
0,1,0,0,2,2,1,2,3,3,1,1,1,0,0,2,1,0,2,2,3,0,1,0,1,3
23
27,15,31,46,11,15,18,4,11,28,4,41,16,46,7,39,39,29,9,19,44,15,40
1,1,2,3,0,2,2,0,1,3,2,0,1,3,1,1,2,2,1,0,0,0,1
22
7,37,2,19,3,43,44,1,35,22,44,18,39,7,15,42,17,35,23,0,0,45
2,2,0,2,0,0,2,1,2,0,0,2,0,0,1,3,2,1,1,0,2,1
13
32,21,5,32,27,23,3,1,12,45,48,10,34
2,2,2,3,0,0,0,0,0,1,1,1,1
11
22,28,45,42,8,6,28,43,16,8,5
2,1,2,0,2,2,2,2,1,1,2
46
8,29,12,47,41,15,45,1,30,42,18,10,13,46,24,6,14,29,30,23,24,7,29,35,49,13,28,26,49,35,33,20,37,10,32,14,11,23,49,36,10,18,0,16,39,15
3,3,0,3,3,3,3,0,3,3,3,1,3,2,3,2,2,3,3,2,3,3,3,3,1,3,1,1,2,3,3,3,3,2,3,3,0,2,1,3,3,2,3,3,2,3
43
18,19,49,41,24,4,47,28,26,24,36,14,47,3,13,48,16,20,15,25,8,1,42,14,34,23,47,37,13,36,36,5,17,21,17,1,31,16,0,8,12,35,36
2,3,3,0,3,1,3,3,1,3,3,3,3,0,2,1,3,2,2,2,3,3,3,2,2,0,2,3,1,2,3,3,3,2,3,2,3,3,2,2,2,3,3
37
15,25,37,39,24,34,4,6,22,24,0,21,3,27,47,13,32,3,41,10,38,31,3,0,25,32,16,26,41,4,6,24,7,33,40,3,11
3,3,3,3,3,3,3,3,3,3,3,3,2,2,3,3,3,3,2,2,3,3,3,3,3,3,3,3,2,3,3,3,3,3,2,3,2
13
29,41,38,4,2,21,27,21,21,33,28,42,41
1,1,0,0,1,0,0,0,0,1,0,2,0
33
7,14,40,5,22,24,30,45,28,22,9,8,48,12,31,48,44,40,0,0,36,39,17,35,30,0,46,35,8,21,27,25,9
3,3,0,3,3,3,1,2,0,3,0,3,3,1,3,2,3,2,2,2,3,2,2,3,3,2,3,1,3,3,1,3,3
27
34,24,21,30,36,33,22,15,5,14,17,37,12,23,12,0,47,35,48,17,47,32,37,42,5,16,3
0,3,1,3,3,1,2,2,2,1,1,1,1,1,2,3,0,3,0,0,1,2,1,3,3,1,0
43
8,33,49,11,46,20,19,5,49,44,35,11,40,30,1,15,0,3,46,0,46,34,12,49,44,41,30,19,6,39,32,27,49,43,49,43,19,31,8,33,13,3,28
3,3,2,3,3,3,3,3,1,3,3,2,2,3,2,2,3,3,2,3,3,0,3,2,3,0,2,3,2,2,2,3,3,3,3,3,2,3,3,3,3,2,3
21
2,26,45,18,42,36,44,41,6,48,15,31,7,48,12,10,19,17,36,5,19
2,0,1,2,3,1,0,0,0,0,1,2,1,0,0,0,0,0,2,3,1
14
2,5,22,45,1,17,29,37,4,45,48,10,0,9
3,2,0,1,2,1,3,0,0,2,0,1,1,2
35
45,41,6,11,23,18,8,34,3,44,41,31,45,5,27,27,39,28,41,4,4,36,40,27,40,46,8,28,13,37,39,33,36,48,41
2,0,1,0,0,0,1,0,0,1,0,2,2,0,0,0,1,0,0,0,1,1,1,0,0,1,1,1,0,3,0,3,2,0,0
38
26,5,20,6,42,40,15,4,14,20,3,4,6,34,35,14,27,1,4,6,21,48,30,31,7,40,41,10,0,46,39,18,43,37,41,36,6,38
0,0,1,0,0,0,0,0,2,1,0,0,0,0,0,0,0,0,0,0,0,0,0,0,0,0,0,0,0,0,0,0,0,1,0,1,0,0
17
16,6,11,47,14,28,44,49,49,23,36,13,10,34,16,26,43
0,1,0,0,0,0,1,0,0,1,2,0,0,1,0,0,0
13
35,19,26,20,21,6,46,30,16,49,6,18,27
2,0,1,1,1,2,0,1,1,1,0,3,0
33
10,5,17,14,2,16,32,33,29,18,8,39,43,30,26,46,24,6,47,6,19,43,48,42,35,18,1,33,16,23,8,0,41
0,2,2,3,2,0,3,2,3,2,1,0,0,1,3,2,3,1,2,2,3,1,2,1,3,2,0,3,3,2,1,3,0
30
27,2,6,13,14,8,42,6,11,18,26,17,12,42,0,37,20,33,12,44,40,22,0,22,27,31,7,25,13,23
1,3,2,0,3,3,3,3,0,3,3,3,0,3,3,0,1,3,0,0,1,3,3,1,1,0,1,2,3,1
49
40,6,16,22,44,10,21,17,48,27,15,41,3,35,21,10,20,39,40,15,41,8,34,33,8,12,5,3,45,27,10,33,34,4,38,10,11,42,18,12,3,13,43,1,7,21,12,20,20
0,3,3,2,3,3,1,2,3,3,3,3,1,3,2,2,3,1,1,3,2,3,3,3,3,2,3,0,3,0,1,3,3,1,3,0,3,3,3,3,2,3,3,1,3,3,2,3,3
29
28,22,46,20,30,31,40,6,12,22,7,11,35,15,25,28,28,5,36,32,30,45,40,17,37,46,30,15,39
3,2,2,3,3,3,0,0,2,3,1,0,3,3,3,1,1,3,3,3,0,3,1,3,3,3,3,1,0
34
40,40,2,43,42,45,18,9,4,21,8,32,14,23,29,35,38,5,14,37,38,21,2,28,28,30,44,1,34,44,8,21,18,49
0,0,3,0,3,0,1,0,0,1,3,1,3,1,3,1,2,3,1,0,0,0,3,1,1,1,0,0,0,0,0,0,0,0
15
19,46,45,12,40,22,14,45,30,3,10,1,15,30,47
1,2,1,0,0,0,2,2,2,1,0,0,1,0,0
11
39,26,48,14,31,19,13,26,2,48,2
1,3,1,3,3,3,1,3,1,0,3
13
27,8,39,31,12,33,18,13,4,26,27,25,9
0,0,2,0,0,2,2,1,0,0,1,1,0
44
14,49,43,29,44,32,35,39,29,25,20,36,42,30,16,16,33,23,32,3,8,1,34,37,44,14,42,41,2,30,40,41,22,11,7,20,20,31,16,36,23,7,17,10
3,2,2,3,3,3,3,2,3,3,3,3,3,3,3,3,3,3,3,3,3,3,1,3,3,3,3,3,3,3,3,1,3,0,3,2,3,3,3,3,2,1,3,3
46
6,29,12,17,30,21,13,17,34,16,18,30,38,35,14,28,39,15,32,24,15,29,33,1,39,43,42,37,17,4,46,39,5,11,11,11,8,41,21,48,49,15,3,49,2,15
3,3,2,3,3,3,2,3,1,3,3,2,3,3,3,0,2,2,3,2,3,3,2,2,0,3,3,2,2,3,3,0,3,2,1,1,3,1,3,3,1,3,0,1,3,3
40
36,37,36,18,13,35,36,10,26,1,21,1,19,43,47,16,3,13,6,14,29,15,39,1,18,0,30,3,26,24,21,42,9,49,32,48,47,43,29,29
3,1,2,0,1,3,1,0,0,0,0,1,1,0,0,0,0,0,1,1,2,0,3,1,1,2,0,0,0,3,0,0,0,0,3,0,1,1,1,2
17
20,34,43,17,46,24,45,40,4,46,7,22,2,43,36,30,28
1,0,0,0,1,1,0,0,1,1,0,0,3,0,2,0,0
38
38,43,37,23,8,7,13,14,21,36,14,5,0,19,40,35,1,5,1,2,6,19,48,40,40,4,24,37,17,0,24,16,45,14,4,16,20,22
3,3,1,3,3,2,3,3,3,3,3,3,3,3,0,3,2,3,1,3,3,3,1,2,1,3,3,3,3,3,3,3,3,3,1,1,3,3
30
32,18,26,36,28,27,33,0,47,24,20,33,25,35,34,22,16,46,41,11,43,19,38,26,41,36,19,10,27,1
3,3,3,0,2,0,1,2,0,3,2,3,1,1,0,1,3,3,1,0,0,1,1,0,0,2,1,1,2,0
48
11,29,3,29,4,15,26,3,7,47,7,16,45,43,2,26,33,44,20,42,23,43,49,40,28,38,5,13,49,13,36,23,12,0,11,41,23,36,19,5,11,20,2,26,45,35,16,48
1,3,2,3,0,3,3,0,2,3,2,2,3,0,3,3,3,3,2,3,3,0,3,1,2,2,3,3,1,2,3,2,3,3,0,1,2,2,3,2,3,3,3,3,3,2,3,3
28
41,33,13,2,38,24,10,48,14,18,42,14,14,37,14,8,4,18,23,28,4,21,12,49,48,46,45,28
0,0,0,0,1,1,0,0,1,0,0,1,1,0,0,0,0,2,0,0,0,0,0,0,0,0,1,0
28
47,41,12,9,13,8,10,2,39,11,34,38,45,38,31,38,13,43,0,26,36,42,0,44,28,23,16,34
0,0,0,0,0,0,0,2,1,0,0,0,1,1,3,0,1,1,2,1,3,2,2,0,0,0,1,0
32
42,48,23,46,24,6,37,46,46,38,34,13,8,2,37,19,40,32,40,43,31,35,25,47,4,48,29,16,5,14,0,12
2,1,1,3,3,2,0,1,1,3,0,2,0,2,3,2,0,2,1,0,3,2,1,0,1,1,2,2,3,3,2,0
39
6,1,16,10,49,11,2,20,13,14,41,40,9,35,9,16,43,24,26,32,10,12,0,30,32,20,15,38,22,9,47,32,21,40,5,46,35,46,9
2,1,2,0,0,1,1,3,0,2,0,0,1,1,0,3,1,3,3,3,1,0,3,3,3,0,3,2,2,0,0,3,1,0,3,1,2,2,0
12
33,1,26,22,41,31,46,34,39,17,26,10
2,0,1,0,0,2,2,0,1,1,0,0
39
27,44,6,41,34,29,33,38,8,11,28,9,26,18,12,41,36,31,14,20,2,7,5,28,18,16,9,32,12,26,41,11,1,9,20,22,0,32,25
1,2,3,1,0,2,3,3,3,0,0,0,2,2,1,0,3,3,3,1,1,0,3,2,1,2,1,3,1,2,0,0,2,3,3,1,3,3,3
22
16,31,31,27,28,24,46,21,26,43,37,19,44,49,23,46,46,7,13,38,13,4
0,2,3,1,1,1,2,0,1,0,1,0,1,1,1,0,3,0,0,0,0,0
21
33,22,15,48,4,43,46,27,5,12,42,29,25,16,8,15,48,17,12,28,42
3,2,1,1,0,0,2,3,3,0,1,1,2,1,2,1,1,3,0,0,1
10
10,25,47,18,18,11,2,17,48,4
2,1,0,1,0,0,2,3,0,1
18
4,7,20,32,38,42,19,44,21,12,38,10,17,29,32,43,2,0
0,0,2,3,3,0,2,2,3,1,1,0,2,3,1,1,3,2
43
26,27,21,42,2,21,47,20,15,8,12,9,48,20,48,41,39,6,45,21,17,20,49,13,9,32,8,17,12,16,22,24,15,23,30,10,22,40,38,21,32,40,41
3,1,3,3,3,1,1,3,3,2,1,0,3,2,0,1,0,3,0,0,3,3,0,2,1,3,0,3,1,1,1,3,1,1,1,1,3,0,2,3,2,2,0
27
42,28,18,24,3,12,31,26,33,27,8,7,20,45,29,28,8,12,17,37,21,30,34,41,41,9,8
0,0,1,2,0,1,1,0,2,0,0,1,0,1,0,0,0,0,0,2,1,0,0,0,0,0,0
49
11,16,31,22,14,27,37,4,39,17,20,14,2,45,25,14,44,19,20,25,40,22,48,24,3,9,21,2,18,30,8,28,36,45,6,37,23,7,33,25,27,27,45,6,2,21,37,45,43
0,0,2,0,2,1,0,0,0,0,2,0,1,1,1,0,0,0,1,2,0,0,1,1,0,0,0,0,0,0,0,0,0,1,0,1,0,0,1,1,0,0,1,0,1,1,0,1,0
48
21,40,30,48,12,40,40,28,27,43,18,22,46,49,7,24,37,37,34,25,2,1,4,19,11,37,15,36,37,35,45,28,34,48,36,20,20,27,5,19,35,12,39,10,23,18,22,30
3,0,3,3,3,3,2,2,3,2,3,3,3,2,1,3,3,3,1,2,3,2,3,2,3,2,2,3,2,3,2,2,1,2,2,2,2,2,3,3,3,2,3,1,2,3,3,2
49
5,15,31,29,34,7,4,36,11,24,32,38,23,10,41,34,39,0,7,22,19,31,10,6,29,47,38,12,41,48,2,6,42,12,36,24,22,46,32,4,31,29,30,12,41,4,22,0,9
3,1,2,2,3,0,1,2,0,3,3,0,1,1,1,0,2,3,0,2,3,3,0,2,3,1,2,0,0,0,2,3,3,0,3,3,3,3,3,3,3,1,2,0,1,0,2,2,0
42
31,8,10,36,5,29,39,14,47,29,17,11,3,15,22,10,23,21,38,14,48,14,9,27,35,16,35,21,22,28,21,10,35,43,28,41,31,13,17,37,36,33
2,0,0,1,2,2,0,2,0,1,0,0,2,3,1,0,0,0,0,0,0,3,2,2,0,2,0,0,1,0,2,0,1,0,1,0,3,1,1,1,1,2
37
23,23,13,36,26,23,5,25,14,28,35,9,27,8,20,9,3,3,5,25,39,15,7,27,15,37,48,0,18,49,16,48,27,43,11,5,6
1,3,3,3,2,1,3,3,3,3,3,3,1,3,2,2,0,0,3,3,3,3,3,0,3,3,0,3,2,2,3,3,1,3,2,2,3
24
15,15,12,13,21,20,8,40,3,9,34,8,47,15,48,17,9,20,14,14,10,39,47,41
1,2,1,0,1,2,1,1,0,0,0,2,1,0,0,2,0,2,3,3,1,0,1,0
43
41,22,8,0,35,45,15,24,17,33,37,2,19,18,12,16,13,29,21,42,47,42,28,49,1,7,13,33,12,9,7,6,12,25,31,18,14,1,36,18,32,38,49
3,3,2,3,3,3,3,2,3,3,3,3,3,3,3,3,2,3,3,3,1,2,2,1,0,2,3,3,2,0,3,3,2,3,2,3,2,1,3,3,3,3,1
49
10,25,0,29,42,17,25,46,8,8,0,6,43,41,15,37,10,24,28,18,17,46,28,15,45,39,7,33,5,44,44,29,43,33,20,11,48,5,38,5,3,8,4,9,46,7,22,3,36
0,1,2,3,0,2,2,1,1,3,1,2,2,0,0,3,1,2,0,2,2,2,3,1,3,1,0,3,3,1,1,2,1,3,3,0,1,0,0,1,0,0,0,0,2,3,3,1,3
27
40,34,40,40,28,23,3,20,38,6,22,39,20,0,40,24,30,43,37,44,4,30,0,29,17,7,25
2,1,2,3,3,2,1,3,3,3,3,1,2,3,0,3,2,3,3,3,3,3,3,3,3,3,3
46
10,27,4,11,2,40,37,1,25,1,11,39,1,40,15,29,46,45,35,3,10,23,17,26,36,1,14,10,26,48,47,46,22,34,29,46,23,18,28,12,47,22,11,48,47,40
1,3,3,3,2,2,3,3,3,3,1,1,1,0,2,2,3,3,3,3,1,1,3,3,3,1,3,2,3,1,3,3,3,3,3,3,2,3,3,3,3,3,2,3,3,2
38
4,48,41,37,37,43,1,44,19,42,46,12,25,34,45,7,27,40,14,49,7,10,28,4,46,46,6,17,27,11,11,35,28,10,5,20,9,31
1,1,0,1,1,0,1,3,1,3,1,0,1,0,0,0,0,0,1,0,0,0,2,0,1,2,0,2,0,0,0,1,2,0,3,2,2,1
28
20,15,32,4,23,14,25,43,24,27,32,45,17,17,37,32,26,48,49,14,43,12,33,3,34,18,30,24
3,3,3,2,3,3,3,1,3,3,3,3,2,3,2,2,3,0,0,2,2,3,2,1,0,3,1,3
10
11,46,13,2,44,49,31,15,37,9
1,3,3,2,1,1,2,3,3,3
23
2,43,49,29,45,40,34,25,11,30,16,36,7,18,25,3,14,46,13,29,47,41,23
2,2,1,3,3,1,3,2,1,3,1,3,1,2,2,3,3,3,3,3,3,1,1
30
19,37,0,34,27,6,42,43,8,0,35,33,33,16,31,1,35,24,42,25,44,25,20,17,28,23,46,27,11,10
1,0,1,0,0,2,1,0,0,0,0,2,1,0,1,0,1,3,0,1,1,0,1,0,0,0,2,0,0,0
35
40,48,41,26,37,25,34,19,23,46,20,25,19,5,2,9,11,32,21,15,16,9,11,18,39,22,39,9,9,49,9,38,29,3,0
1,2,2,3,1,2,0,3,0,3,3,3,3,3,3,2,0,2,3,2,3,2,3,2,2,1,1,0,3,2,0,2,3,1,3
48
9,41,22,10,11,12,39,48,45,48,15,8,9,28,8,32,23,34,10,38,49,12,22,24,49,15,47,20,9,40,39,18,34,27,40,1,29,39,49,39,4,37,41,14,35,2,23,40
1,0,3,2,0,0,3,1,3,3,2,3,3,1,3,3,3,0,2,3,3,3,3,3,1,3,3,3,0,1,0,2,0,3,0,2,1,2,2,2,3,3,2,3,3,3,0,2
34
0,30,4,39,3,4,4,15,17,42,16,34,17,3,30,30,8,30,4,35,15,41,40,15,19,29,25,48,30,49,14,40,37,37
0,0,0,0,0,0,0,3,0,2,0,0,0,0,0,0,0,0,1,0,1,0,0,0,0,0,0,0,0,1,1,0,0,0
44
36,31,42,11,34,40,2,33,37,23,37,16,39,0,7,14,49,44,24,7,31,49,12,45,14,5,32,6,32,46,28,37,36,43,31,2,19,13,27,37,3,14,16,36
1,1,0,0,1,0,2,1,0,0,0,0,0,0,0,0,0,1,1,0,1,1,0,2,1,3,1,0,2,1,0,0,0,0,3,3,0,0,0,2,0,3,0,2
42
7,31,36,47,3,17,22,28,1,12,15,7,18,31,2,48,31,40,20,24,16,24,32,30,35,22,46,43,24,48,43,47,29,12,42,46,28,15,37,26,25,10
1,0,0,0,0,0,0,0,0,0,0,0,1,0,1,0,1,0,0,1,0,1,0,0,1,0,2,0,1,0,0,0,0,0,1,1,1,0,0,0,0,0
14
21,45,10,27,13,38,2,41,10,29,37,4,21,12
0,1,1,0,1,1,0,0,0,3,1,0,1,0
12
8,3,48,24,5,47,17,44,6,34,30,37
1,0,0,3,3,2,3,1,3,0,0,1
16
21,35,1,23,1,47,11,46,41,25,37,44,5,22,1,25
3,2,1,1,3,2,0,3,2,3,3,3,2,3,3,3
19
46,18,19,28,24,16,12,44,15,34,35,38,2,8,39,49,45,28,4
3,3,3,2,2,1,0,0,3,0,2,0,2,2,1,0,2,2,2
22
48,1,19,30,8,20,7,38,36,28,18,34,44,37,25,10,35,34,3,2,44,46
2,0,3,1,3,3,2,3,3,2,3,0,3,3,3,1,3,3,3,3,3,2
41
41,48,49,17,30,28,14,22,37,40,10,14,22,2,18,0,23,48,10,29,49,10,38,0,11,3,24,7,14,42,29,39,31,43,34,20,30,35,26,43,7
0,0,0,1,0,0,0,0,0,0,0,0,0,1,0,1,1,0,1,2,0,0,0,2,0,0,0,0,0,0,3,0,2,0,0,1,0,2,0,0,0
10
43,5,0,21,12,37,48,44,40,39
1,0,0,0,0,0,0,0,0,0
16
21,6,1,36,13,7,28,43,6,37,44,21,43,16,15,32
0,2,2,3,2,1,0,0,1,2,3,1,0,1,1,3
31
0,24,40,27,36,10,21,24,20,35,19,15,27,28,49,25,39,1,48,9,12,14,8,26,7,5,35,49,23,2,25
3,2,0,2,3,0,1,3,3,2,2,1,0,0,3,1,2,0,0,0,1,3,2,0,3,3,2,1,1,2,1
20
47,29,3,33,22,31,2,27,3,49,11,23,32,2,3,29,5,48,29,7
1,2,0,3,3,1,1,3,2,0,0,1,1,3,0,0,2,2,2,1
31
2,34,49,37,32,14,10,9,35,13,1,44,47,43,36,28,34,19,20,33,48,42,32,18,7,30,10,7,24,48,19
0,0,0,0,1,0,0,0,0,0,0,0,0,0,1,0,0,0,0,1,1,1,1,1,0,0,0,0,0,0,0
40
12,26,0,24,36,49,43,10,8,6,13,29,23,2,47,38,26,0,37,25,5,41,11,37,45,34,9,8,22,29,21,46,8,18,7,3,4,18,45,17
0,0,3,3,2,0,0,0,2,0,3,1,1,1,0,0,0,3,2,2,0,1,0,3,0,0,3,1,2,2,1,3,1,2,0,0,0,2,3,2
40
36,4,40,45,12,44,23,26,0,48,19,7,2,48,31,43,24,24,49,13,42,26,47,31,26,3,49,38,10,47,47,2,24,23,8,7,38,30,16,42
1,1,0,1,0,0,0,1,0,0,0,0,3,0,0,1,3,2,0,0,1,0,0,2,0,0,0,1,0,0,0,2,3,1,1,0,1,0,0,1
37
21,3,14,25,17,8,3,47,49,4,44,5,11,30,46,8,6,28,13,19,47,31,21,35,43,17,39,48,24,30,34,25,3,41,47,19,33
3,1,3,1,3,1,1,1,1,2,3,3,3,2,2,2,3,0,2,2,1,3,2,2,1,2,0,1,3,0,0,2,0,0,1,3,3
27
13,46,13,23,4,15,4,12,15,14,30,4,20,29,22,37,28,12,31,47,41,26,33,44,48,32,3
2,2,2,1,1,1,1,0,2,2,0,2,2,2,1,2,2,2,3,0,0,1,2,1,2,3,1
17
43,20,7,4,20,26,37,4,20,7,21,17,3,3,36,14,37
0,2,0,1,3,0,0,0,1,0,1,2,0,0,1,2,2
18
43,2,12,5,37,20,18,24,38,3,21,4,0,49,16,8,8,23
1,2,1,1,0,2,2,3,0,0,0,1,1,0,0,1,2,1
40
28,39,8,0,15,37,22,7,46,11,9,15,46,42,23,38,7,10,40,25,6,14,14,47,2,15,14,24,32,13,23,10,2,8,5,30,15,10,49,16
0,0,0,0,0,3,0,1,0,0,0,0,0,0,0,1,0,0,1,1,1,0,2,0,1,1,2,3,0,0,1,0,0,0,2,1,0,0,0,1
25
46,25,5,36,21,41,38,6,41,29,9,14,5,23,1,39,14,20,17,4,24,35,9,45,22
3,1,0,0,1,0,1,2,0,3,3,0,3,1,0,1,3,3,2,0,3,0,1,3,1
21
28,2,40,45,22,22,17,10,35,25,7,27,17,12,35,41,39,43,11,21,1
1,3,0,3,3,3,3,2,3,3,3,3,3,0,1,0,3,2,2,2,2
37
23,6,47,35,38,14,48,2,47,1,6,15,20,8,11,28,23,32,13,42,17,4,14,6,24,13,39,35,34,43,49,23,14,10,23,10,43
0,0,0,2,0,2,1,1,0,1,0,0,3,2,0,0,0,1,0,1,2,0,2,0,0,0,0,0,0,0,1,0,0,0,1,0,0
17
38,47,27,15,45,46,30,40,47,15,4,34,24,12,28,26,39
3,2,1,2,3,3,3,1,1,2,2,1,3,0,0,2,1
16
17,15,48,31,37,24,43,31,18,2,34,49,28,10,5,18
1,3,0,1,0,3,0,2,2,3,0,0,0,0,1,2
47
10,10,47,25,2,24,16,21,28,45,25,33,25,8,39,10,6,29,1,29,3,13,12,24,12,12,36,43,5,25,13,7,23,21,39,38,48,20,42,25,9,12,41,13,8,6,38
0,0,2,2,1,1,0,0,1,2,2,1,1,0,0,0,0,2,0,2,0,1,2,3,0,0,1,1,2,1,1,0,0,0,0,0,0,1,2,1,0,0,0,0,0,2,0
39
3,42,38,14,22,40,14,25,11,17,5,17,49,23,37,27,14,18,4,3,16,9,11,4,6,43,22,1,29,48,44,36,4,19,25,43,43,38,5
0,1,0,3,2,0,2,0,1,1,2,1,0,1,3,0,3,1,3,0,0,1,0,0,2,1,1,1,2,1,2,3,0,1,1,0,1,1,1
30
29,41,43,29,4,9,23,44,38,47,5,9,41,42,9,24,13,46,38,12,10,38,10,45,48,15,32,40,40,31
1,0,0,2,0,0,0,1,0,0,1,1,0,0,1,0,0,1,0,0,0,0,0,0,0,0,1,0,0,0
42
8,48,32,8,13,31,36,5,4,3,47,15,9,30,30,13,12,3,45,25,23,8,34,41,14,23,30,18,1,1,40,35,36,33,38,18,37,22,15,45,43,5
0,0,3,1,1,2,1,0,0,0,0,0,0,0,0,0,0,0,2,0,1,0,0,0,2,0,0,2,0,0,0,1,2,3,0,0,1,0,1,2,1,1
39
9,38,30,17,42,32,18,22,4,25,28,23,5,38,3,47,41,25,14,12,39,21,12,38,16,35,38,47,24,33,20,24,24,21,22,24,13,13,25
0,1,0,0,0,0,0,1,0,2,0,1,0,1,0,1,0,0,1,0,0,1,0,0,0,1,0,0,2,2,1,1,2,0,0,0,1,0,1
32
48,21,27,16,5,13,49,16,37,4,12,47,8,43,41,25,12,18,47,16,15,29,31,13,47,14,11,36,10,4,10,33
1,3,3,3,3,3,3,3,3,2,2,3,3,3,2,3,3,3,3,3,2,3,3,3,3,3,0,2,2,3,2,3
12
27,1,27,30,42,20,6,49,30,13,38,38
3,0,0,0,0,1,0,1,1,2,1,2
22
38,19,20,46,18,1,43,39,29,22,39,12,32,31,27,23,41,27,29,40,28,33
2,2,2,1,0,1,0,1,1,2,0,0,3,3,2,1,0,0,2,1,0,2
12
46,48,49,7,12,41,2,19,45,44,34,12
2,2,1,2,0,1,3,0,3,3,0,0
22
18,47,42,4,25,1,32,47,36,24,24,38,29,40,3,18,26,46,38,23,49,36
2,2,3,1,3,2,2,0,1,3,3,1,2,0,0,1,3,2,2,0,1,2
47
22,10,24,44,42,1,34,46,23,12,41,36,29,10,22,45,27,28,14,44,2,8,7,46,32,33,8,16,40,0,39,4,29,10,27,37,16,49,22,17,36,26,24,4,18,26,12
1,0,3,3,3,0,0,3,1,0,0,2,2,0,2,1,0,2,3,0,1,1,1,0,2,3,2,1,0,2,0,0,0,0,0,2,1,0,0,1,2,0,2,1,2,0,0
22
37,26,40,19,39,9,15,14,12,49,37,19,23,40,49,6,22,23,28,4,42,44
3,3,1,2,2,0,3,3,1,0,3,3,2,0,1,1,2,2,3,1,3,1
21
45,39,43,38,23,8,11,35,36,8,38,45,21,16,32,46,23,14,28,31,32
3,2,1,2,3,3,1,2,3,3,2,3,3,3,3,2,0,3,2,2,2
21
32,20,35,8,38,41,44,7,19,9,31,27,9,7,46,32,46,48,12,43,34
1,2,2,0,1,0,0,1,3,0,1,0,0,0,2,0,1,0,0,0,0
10
26,44,39,37,28,39,18,23,43,0
2,2,0,3,0,0,0,1,0,2
49
47,20,46,2,29,23,37,2,36,32,21,30,45,11,44,13,11,26,12,23,37,46,47,8,7,36,14,6,23,48,15,23,42,6,42,27,1,33,37,2,0,30,22,19,15,45,31,16,17
0,3,2,2,2,0,1,3,1,2,0,1,2,3,0,1,0,1,0,1,3,2,1,3,2,3,3,0,1,0,1,1,0,0,0,0,0,3,0,2,3,0,2,3,0,3,3,0,2
49
16,41,4,18,42,41,34,21,23,9,1,27,40,36,16,5,42,4,38,6,31,3,20,41,31,17,32,13,5,10,45,19,28,34,15,47,6,39,35,43,43,30,41,43,42,42,46,5,28
0,0,0,0,1,0,0,0,0,0,0,0,0,0,0,0,0,0,0,0,2,0,2,0,0,0,0,0,0,0,1,0,0,0,0,0,0,0,0,0,0,0,0,0,0,0,0,2,0
14
40,31,26,3,40,47,6,45,13,38,23,47,17,37
0,0,1,0,0,0,0,0,0,0,1,0,0,2
38
30,2,49,37,10,4,30,19,3,7,41,34,12,48,4,39,18,17,32,3,17,45,23,42,28,30,27,8,44,25,48,46,1,5,28,25,27,6
2,3,2,2,2,2,3,3,0,3,2,3,1,3,3,2,3,3,3,2,3,3,1,2,3,3,3,3,3,3,1,3,2,3,0,3,2,2
31
31,13,23,18,26,22,44,20,43,28,0,30,26,43,35,26,14,24,47,14,39,18,46,49,10,40,32,40,22,11,1
3,3,0,2,3,2,2,3,3,3,3,3,3,2,2,3,3,3,3,3,2,3,3,2,3,2,3,0,3,0,1
30
23,6,18,30,35,26,28,22,19,5,11,49,11,49,2,41,38,34,18,44,3,30,41,37,32,5,7,27,14,30
1,0,2,1,1,2,1,0,2,2,1,1,0,1,1,0,0,0,2,1,2,0,0,2,0,1,0,3,3,1
19
34,46,22,5,10,42,26,30,29,2,12,39,20,42,10,44,2,37,30
0,3,1,3,0,2,1,1,2,2,2,0,2,2,1,0,2,1,3
36
47,0,4,12,44,2,16,18,36,4,46,41,43,23,42,32,20,2,3,31,23,34,17,2,38,25,23,0,49,33,11,16,20,20,2,43
3,2,2,0,3,2,3,0,3,2,2,0,2,1,2,3,3,2,0,3,1,0,2,3,1,2,2,1,2,3,1,1,3,2,0,3
25
48,23,4,41,38,12,29,6,46,16,26,34,4,41,4,23,6,6,13,14,4,36,3,29,19
3,3,3,3,3,3,3,3,3,3,3,3,1,3,3,3,1,3,3,3,2,3,0,3,3
36
21,9,48,48,18,23,26,35,42,16,9,16,43,9,9,37,16,25,25,33,3,49,26,20,35,37,45,30,6,43,33,17,23,12,12,24
2,1,3,0,2,3,3,2,3,3,1,3,3,3,0,2,3,3,2,3,2,2,3,1,3,3,1,1,3,1,3,3,3,2,2,2
47
42,38,35,14,0,30,8,22,25,39,43,38,17,32,40,38,13,0,12,14,36,4,13,13,45,4,10,31,4,35,14,6,4,29,14,29,13,23,23,34,4,11,19,45,4,35,20
3,1,2,3,2,1,3,1,0,1,0,1,2,3,2,0,1,1,0,3,2,0,1,1,1,0,0,3,2,2,3,2,2,0,2,3,1,0,0,0,0,0,2,3,1,3,3
16
12,12,19,33,9,49,36,26,33,35,15,20,15,16,14,12
2,0,2,3,1,0,1,0,3,3,1,1,0,3,0,0
47
34,31,7,43,26,31,35,33,24,30,41,46,12,14,49,12,32,30,24,47,39,22,37,2,15,1,22,33,29,46,9,0,21,46,32,24,21,15,29,17,23,4,36,22,41,26,11
0,1,0,0,0,2,2,2,0,0,0,0,0,1,0,0,0,0,2,1,0,0,0,0,1,0,1,3,2,0,0,1,0,1,1,1,1,0,0,0,0,0,0,0,0,0,0
47
1,8,45,0,48,10,28,25,26,37,28,32,27,30,18,47,25,49,28,10,40,31,20,37,33,39,21,47,26,7,39,45,30,0,38,33,46,23,27,49,3,17,28,22,36,26,15
0,3,2,2,0,1,1,2,2,0,0,2,1,2,3,2,2,1,0,0,0,3,2,1,3,0,2,1,0,0,0,1,2,3,1,3,3,0,0,1,1,3,2,0,2,1,3
27
18,49,37,28,14,6,36,36,6,21,11,7,17,27,17,30,16,22,10,14,29,30,5,11,22,38,39
2,0,0,0,3,0,0,3,1,1,0,0,3,0,2,3,1,0,0,0,1,2,1,1,1,3,1
21
12,10,30,10,40,42,35,1,22,35,13,36,48,26,11,28,5,43,46,22,9
0,0,0,0,0,0,0,1,0,0,0,0,0,0,0,1,2,0,2,0,0
23
33,16,5,26,7,32,34,46,16,25,6,45,23,24,34,25,49,4,46,37,34,29,49
1,1,3,0,1,1,1,1,0,1,0,0,0,1,0,2,2,0,2,2,0,1,1
19
26,41,3,3,7,5,24,26,46,49,39,19,26,6,22,19,48,33,28
0,0,0,0,0,2,2,0,2,1,0,1,0,0,0,0,0,0,0
46
4,25,5,15,0,8,20,6,42,14,23,4,37,28,45,45,10,3,9,33,3,9,32,45,17,11,22,43,24,36,3,12,17,28,43,29,47,37,27,6,23,40,9,36,26,20
3,3,3,2,3,3,3,3,3,3,2,1,2,2,3,1,3,2,3,3,3,2,2,3,3,2,3,3,3,3,2,1,3,3,3,3,2,3,3,3,2,1,3,3,3,2
16
37,30,43,25,35,45,42,25,43,1,42,44,42,8,47,4
3,2,0,3,2,3,3,2,0,1,0,1,3,3,1,2
40
10,16,26,30,26,13,22,4,29,33,46,18,30,15,44,26,25,38,28,48,38,43,44,28,44,45,46,30,1,5,8,14,19,47,1,2,29,7,39,20
0,0,1,2,1,3,0,2,1,3,2,2,0,2,1,2,2,3,1,0,0,1,0,2,1,2,2,1,1,2,0,3,1,1,0,3,1,1,0,2
31
13,3,7,2,45,28,25,49,29,11,14,40,1,0,46,46,27,39,34,33,3,17,11,49,20,9,20,39,24,49,16
2,3,2,3,3,3,3,1,3,3,3,1,0,3,3,3,3,2,1,3,0,3,0,1,3,0,3,1,3,1,3
11
45,1,49,0,12,5,21,16,48,21,42
2,0,0,2,1,3,2,1,0,0,3
28
22,30,32,1,27,31,32,8,28,14,17,17,6,13,28,49,18,4,40,49,44,4,14,25,23,18,19,42
0,1,2,1,0,0,3,0,0,2,2,1,1,1,0,0,1,0,1,1,0,2,0,2,0,1,0,2
14
9,27,2,12,47,46,1,34,49,46,27,36,22,42
3,3,3,2,3,3,0,1,1,3,2,3,3,3
46
19,11,19,19,3,29,30,21,14,37,36,27,10,13,10,8,23,9,37,42,40,36,41,31,19,13,37,3,23,31,9,42,15,38,31,17,24,6,46,17,46,17,2,0,32,6
2,1,3,3,1,1,3,2,3,3,3,2,0,2,3,2,0,2,0,3,2,3,0,2,3,2,2,1,1,3,2,3,0,0,3,3,3,3,2,0,2,3,2,3,3,2
29
40,39,5,22,41,23,48,4,31,45,16,10,26,3,22,22,48,33,20,21,0,31,27,17,6,37,5,13,29
0,0,0,0,0,0,0,1,3,1,0,0,0,0,0,0,0,3,2,0,0,3,0,0,0,1,0,0,2
22
23,45,49,30,22,16,49,45,23,42,9,30,44,19,15,13,2,29,17,5,19,34
1,2,1,2,1,3,0,0,0,2,0,0,2,1,2,2,3,2,2,2,3,1
37
17,6,10,41,10,8,34,36,22,32,0,19,4,28,25,37,2,20,12,30,16,34,22,2,44,1,2,19,47,43,8,47,3,24,49,0,38
1,0,0,0,0,0,0,3,0,3,2,3,0,1,2,0,1,0,0,1,0,0,0,2,0,0,0,0,0,0,0,1,0,3,0,0,0
46
26,4,16,37,44,40,11,41,30,32,42,28,37,2,37,40,39,29,46,21,37,31,42,9,31,42,3,28,44,7,19,46,6,0,24,25,8,22,39,1,25,13,43,30,25,48
0,0,0,1,0,0,0,0,1,2,0,0,1,0,0,0,0,0,1,0,1,2,1,0,0,1,0,0,0,0,0,1,0,0,3,0,0,0,0,0,1,0,0,1,0,0
43
0,22,5,15,1,45,11,26,18,27,34,42,3,48,48,6,36,24,40,16,40,13,36,1,23,14,47,32,11,18,46,4,0,42,8,38,33,28,48,47,47,45,1
3,1,2,3,2,3,1,3,2,1,0,3,0,0,2,1,2,2,0,3,1,2,3,2,2,3,2,3,3,3,2,1,3,2,3,3,2,2,2,1,2,3,2
27
20,31,4,40,22,29,26,14,40,13,20,33,25,24,49,44,30,47,5,47,3,23,41,30,18,10,28
3,3,2,2,3,3,3,3,2,3,3,3,3,3,1,3,2,3,2,3,2,3,3,3,3,2,3
32
28,40,29,10,20,26,23,30,29,0,0,7,47,41,33,15,26,3,18,28,40,2,10,7,38,32,7,24,23,25,25,16
0,1,0,0,1,0,0,1,0,0,1,1,0,0,1,0,0,0,0,0,0,0,0,1,0,1,0,1,0,0,1,0
19
37,18,30,28,24,31,16,44,48,22,17,10,19,12,23,42,19,41,27
2,1,1,2,2,2,3,3,2,3,3,0,3,0,1,3,3,0,0
32
49,19,17,17,41,39,20,7,33,49,10,42,42,9,7,46,7,18,0,2,43,31,47,15,29,48,27,27,15,40,32,24
1,0,1,1,0,1,2,1,2,1,0,0,3,1,1,2,0,1,0,1,0,2,0,3,2,1,0,0,0,0,3,2
36
26,45,30,44,25,13,47,20,27,14,29,24,10,43,10,27,4,27,7,25,5,31,47,31,11,5,12,38,39,43,33,22,40,44,16,44
0,2,0,1,1,0,0,2,0,1,2,0,0,1,1,0,0,0,1,1,0,3,0,2,0,2,0,0,0,1,2,0,0,0,0,1
20
28,44,43,47,37,40,16,47,25,25,11,17,8,2,9,42,1,7,42,17
0,2,3,0,1,0,0,0,1,2,0,1,0,0,2,0,2,0,1,3
42
44,31,38,31,0,9,44,3,28,6,37,5,10,8,29,21,38,8,37,45,32,25,15,8,22,14,18,41,15,24,34,12,45,6,33,13,22,22,16,12,26,1
0,0,0,2,3,0,1,0,1,0,0,3,0,0,2,0,0,1,3,1,1,1,1,1,1,0,0,0,3,2,1,1,2,2,3,1,1,0,0,0,0,0
30
17,42,31,45,33,19,42,1,3,44,37,6,21,19,34,3,19,34,32,20,44,13,30,21,47,29,28,35,48,41
0,3,3,3,2,1,1,0,0,2,3,3,0,1,0,0,2,0,3,2,2,2,2,1,1,2,2,1,0,1
31
25,26,37,8,36,4,17,21,45,11,43,21,5,35,26,46,14,16,2,9,24,20,39,8,23,31,2,32,42,44,11
0,1,0,0,0,0,0,0,2,0,0,1,2,2,0,2,2,0,0,0,2,2,0,2,0,3,1,3,2,2,0
24
36,20,41,38,22,39,34,17,16,30,47,25,21,44,35,34,10,26,33,17,26,3,16,5
1,2,1,3,2,2,1,2,3,2,1,2,3,1,0,0,0,1,3,3,0,1,2,3
10
6,22,46,5,19,25,41,11,12,46
0,0,2,3,2,3,2,0,0,0
24
4,18,9,8,28,39,36,18,12,45,39,15,29,4,32,18,18,16,23,27,41,36,21,38
0,0,1,1,0,0,1,0,0,0,0,2,3,1,3,1,0,1,1,1,0,2,0,1
39
1,17,29,17,4,4,7,8,31,13,12,17,3,49,21,19,14,6,12,33,40,29,4,0,30,19,18,28,44,37,9,28,30,10,22,29,24,15,22
0,0,1,1,0,0,1,0,3,0,0,0,0,0,0,1,0,0,0,3,0,1,0,2,0,2,1,0,0,0,1,0,3,0,0,0,3,2,0
37
9,40,27,28,35,10,20,37,25,17,3,43,40,14,22,40,5,42,6,45,47,14,8,29,43,42,27,29,7,34,34,25,29,34,37,10,19
1,0,0,1,2,0,2,0,0,0,0,0,0,2,1,0,1,1,0,1,0,0,0,0,0,3,0,2,1,0,0,2,3,0,1,0,0
46
32,18,25,10,30,0,39,35,28,24,46,48,17,2,17,6,27,16,24,17,39,42,2,24,6,46,9,43,43,18,14,20,20,36,27,44,31,40,26,22,9,39,40,5,23,17
3,1,2,0,2,3,0,2,2,3,2,0,3,2,2,2,2,3,3,2,1,1,3,3,0,3,1,3,3,1,3,3,2,3,1,0,3,1,1,2,2,0,2,1,0,2
19
42,45,13,33,48,14,28,25,26,2,2,34,34,49,5,13,25,2,32
3,3,2,1,2,3,2,2,0,3,3,1,1,1,3,2,2,3,2
45
5,22,9,34,20,31,29,32,5,4,14,42,24,12,5,36,1,16,23,11,43,13,6,25,31,28,45,38,8,13,16,48,24,29,44,28,28,17,30,18,16,5,11,37,2
2,1,0,0,0,2,2,2,1,1,0,0,3,0,2,1,1,1,0,0,0,0,0,0,1,0,0,0,0,1,1,1,2,2,0,0,1,1,2,1,0,2,0,2,2
31
16,15,44,0,2,5,2,46,29,46,10,26,21,5,37,40,45,30,42,5,49,19,46,40,10,1,30,37,25,26,45
2,3,2,1,2,2,2,2,3,2,0,3,3,3,2,0,3,0,1,1,1,1,3,0,0,0,1,3,3,0,3
28
4,28,38,1,16,44,10,36,12,28,31,44,39,42,7,9,24,10,27,32,38,25,7,37,25,31,45,27
3,2,2,0,3,3,0,1,2,0,2,3,0,1,2,2,3,1,2,3,0,2,2,3,3,3,3,0
18
20,42,34,13,26,7,34,17,13,7,48,7,36,43,1,16,12,13
1,1,0,0,0,0,1,0,1,0,0,0,0,0,0,0,0,1
34
31,26,31,30,49,23,34,29,32,32,45,26,32,32,3,29,43,14,28,27,31,35,29,41,42,37,41,11,2,14,47,9,21,22
3,3,3,3,1,1,0,3,2,3,2,2,3,3,1,3,3,3,3,0,3,2,3,0,1,1,0,0,3,3,1,0,3,1
15
44,30,46,47,39,44,44,11,16,25,2,14,48,37,23
2,0,2,0,0,0,1,1,2,1,1,3,1,0,0
16
30,31,49,44,10,9,21,30,40,46,13,2,23,13,15,27
1,3,1,2,1,1,2,3,0,3,1,2,1,1,3,0
47
43,29,32,26,22,42,18,30,3,18,37,39,21,8,30,9,9,29,9,35,17,43,42,47,18,42,22,3,11,48,23,12,3,26,37,38,7,25,33,8,9,0,47,49,7,9,42
0,2,2,0,0,1,1,0,0,1,0,0,0,1,0,1,2,2,0,0,3,0,1,0,2,2,0,0,0,0,1,0,0,0,0,0,3,1,1,0,0,0,0,0,0,0,0
21
42,39,0,2,7,25,39,10,20,4,39,25,20,8,16,36,1,46,39,27,26
0,0,1,0,0,1,0,0,2,0,0,0,0,1,2,0,0,1,0,0,0
14
6,14,2,17,37,25,37,32,20,16,42,1,24,40
0,3,0,0,0,0,0,1,2,0,0,0,3,0
24
9,37,10,31,32,19,35,29,9,14,28,0,20,14,2,32,37,18,3,11,24,33,16,5
0,3,0,0,2,1,0,3,0,3,0,1,3,3,3,2,0,1,0,0,3,3,0,3
36
7,4,35,37,42,29,36,28,21,13,9,10,34,22,7,20,36,27,30,27,41,26,39,20,8,28,14,32,36,46,35,27,9,22,27,33
2,0,3,2,2,1,1,2,1,2,1,0,0,1,2,3,3,1,2,3,0,2,1,3,2,2,3,3,2,3,1,2,0,2,2,3
49
17,46,41,22,35,37,7,38,28,11,17,49,18,35,32,4,38,27,25,42,20,22,20,10,41,38,15,32,26,0,43,15,4,45,17,40,33,43,24,41,33,14,3,3,24,40,12,41,45
0,0,0,1,2,3,0,0,0,0,0,0,0,1,1,2,0,0,0,0,2,1,0,0,0,0,0,1,0,1,0,0,2,0,0,0,0,0,2,1,1,3,0,0,3,0,0,0,0
35
30,37,37,3,34,32,2,18,8,45,18,18,25,12,21,47,7,23,25,47,40,40,2,6,49,1,32,11,47,11,9,40,26,17,3
3,2,2,0,1,3,2,2,2,3,1,2,2,2,2,3,0,1,2,2,1,2,3,2,3,0,3,2,1,1,1,0,3,2,0
34
28,18,21,23,32,35,44,39,45,15,1,7,12,29,0,11,48,6,47,13,41,34,27,11,39,47,23,0,16,37,27,32,23,46
0,0,0,0,0,0,2,0,0,1,0,0,0,1,0,0,0,0,0,0,0,0,0,0,0,0,0,0,1,0,0,0,0,0
16
2,5,12,45,14,25,47,32,14,38,40,46,13,18,27,23
3,3,1,3,3,2,0,2,1,1,1,2,1,0,0,0
46
43,11,19,22,21,31,6,21,43,1,13,15,23,6,3,36,45,40,4,1,4,2,41,7,25,9,33,45,35,11,19,28,13,47,4,47,26,3,28,2,32,29,35,8,0,47
0,0,0,0,0,2,0,0,0,0,0,0,0,0,1,2,1,0,0,0,0,0,0,1,0,1,1,0,0,0,1,1,0,0,0,0,0,1,0,2,2,0,1,1,0,0
15
45,10,9,15,11,6,38,26,23,49,14,5,18,7,46
0,1,0,2,0,1,1,2,2,1,2,1,2,1,2
45
38,48,23,15,13,47,33,23,46,10,44,35,0,46,11,20,8,38,2,15,3,25,45,12,19,18,26,1,9,24,18,14,38,46,48,23,15,16,15,17,48,3,1,48,48
2,1,0,0,1,1,2,1,3,1,0,2,1,2,0,3,3,1,2,1,1,1,2,0,2,0,1,0,0,2,3,3,0,3,0,2,3,2,0,2,1,2,0,1,1
37
24,35,33,1,8,18,14,20,49,15,1,25,43,28,32,33,45,26,6,48,14,16,8,12,31,1,31,46,19,42,18,45,26,35,29,10,15
2,1,3,0,0,0,1,2,1,0,0,1,0,0,0,2,0,3,0,0,2,0,0,0,2,0,1,3,1,0,0,0,0,1,0,1,0
40
41,48,46,7,16,34,35,26,39,44,32,49,10,20,5,47,20,27,16,17,10,45,43,24,29,24,6,48,36,45,26,25,12,23,11,13,8,30,3,18
0,0,1,0,1,0,1,0,2,0,2,0,1,3,3,0,2,0,0,2,0,2,2,2,2,2,0,0,1,1,0,2,0,2,1,1,0,0,0,2
24
46,11,40,47,31,5,26,46,12,22,9,13,2,11,24,0,31,23,47,41,8,49,0,41
2,1,3,1,3,3,2,3,2,3,1,2,3,1,3,3,3,3,3,0,3,2,3,0
19
40,22,6,11,47,14,6,7,6,42,3,49,6,44,40,29,17,29,6
0,1,2,0,1,3,1,2,1,0,0,0,2,1,0,1,1,0,2
37
22,9,15,42,47,33,24,1,49,4,13,30,39,5,27,8,5,16,39,34,11,44,17,42,33,45,0,14,17,21,17,48,0,45,19,47,35
2,0,2,3,2,3,3,1,1,0,3,3,2,3,2,3,1,3,1,0,0,3,3,3,3,2,3,3,3,2,3,0,3,3,3,0,1
42
49,21,7,36,11,49,4,24,28,12,25,21,28,11,47,45,42,27,8,9,47,41,25,35,39,10,5,3,26,23,4,49,2,6,23,21,11,34,16,2,10,5
0,0,1,0,0,0,0,3,1,0,1,1,0,0,0,2,0,1,2,0,0,0,0,0,0,0,3,0,0,1,0,0,1,1,0,0,1,0,0,1,0,1
20
30,48,12,43,25,33,49,9,11,48,21,45,30,18,44,23,24,34,7,4
2,1,0,1,1,3,1,2,0,1,1,3,3,2,2,2,3,2,2,2
35
5,34,4,8,27,18,4,22,43,43,15,6,13,21,8,46,22,42,3,42,25,40,5,30,16,8,26,5,5,3,42,2,23,17,31
3,2,2,3,3,3,0,3,0,3,2,3,2,3,3,3,3,3,2,3,3,1,2,3,3,3,3,3,3,0,3,3,1,3,3
36
18,48,47,20,39,23,23,18,30,39,19,14,39,34,47,34,32,39,40,43,17,16,7,19,10,29,26,38,13,41,14,11,19,16,39,25
1,0,0,2,0,0,0,0,0,0,0,0,0,0,0,0,1,0,0,0,0,0,0,0,0,0,0,0,0,0,0,0,0,0,0,0
33
19,27,18,48,12,15,14,10,11,21,24,2,23,24,8,27,45,29,6,10,9,2,18,1,16,28,1,15,48,9,3,42,25
3,0,0,0,0,0,1,0,0,0,1,1,0,3,1,0,2,0,0,0,2,1,0,0,0,0,0,1,0,1,0,0,2
37
21,8,27,45,0,35,48,41,1,37,25,30,40,18,30,8,2,37,5,48,44,44,6,40,24,24,49,0,21,19,12,39,20,22,40,32,8
3,1,3,2,3,2,1,0,1,2,3,2,2,1,2,1,3,1,3,0,2,3,1,1,3,3,0,2,1,2,0,2,3,2,0,3,2
26
2,30,20,32,0,5,3,21,12,43,29,39,25,38,38,6,13,25,17,23,24,49,31,5,15,2
3,1,2,2,2,2,0,1,0,2,3,1,3,0,2,1,2,1,3,0,2,1,3,2,2,1
14
9,47,30,10,37,6,11,44,48,40,7,27,15,2
1,0,0,1,3,2,0,1,2,1,3,0,3,3
37
24,36,5,36,32,24,49,22,7,16,30,25,10,29,10,2,39,39,20,34,27,21,41,45,17,22,25,34,28,45,10,41,45,0,15,24,37
3,2,2,3,3,2,0,1,1,0,0,2,0,2,0,0,0,0,2,0,0,1,0,2,0,1,1,0,0,0,0,0,2,1,1,2,1
45
17,22,12,48,43,49,41,38,43,43,44,0,6,47,47,20,15,47,13,42,42,1,30,38,8,40,13,9,47,23,49,32,33,19,27,3,33,3,5,21,3,49,4,10,44
2,2,0,1,1,0,0,0,2,2,0,2,0,2,0,2,0,0,0,2,2,0,0,1,3,1,2,0,1,1,0,3,1,1,0,0,2,1,3,2,0,0,3,0,3
14
28,16,48,36,23,26,8,37,12,25,10,23,32,48
1,3,0,3,1,1,3,1,1,1,1,1,3,2
44
18,38,6,38,33,33,26,43,4,3,6,47,2,20,33,48,8,19,39,11,38,45,27,47,32,9,10,6,17,18,13,16,22,18,44,2,33,24,40,30,38,13,36,46
3,3,3,2,3,3,3,2,0,2,2,3,3,3,3,2,3,2,1,0,3,3,1,2,3,1,1,3,3,3,3,3,3,2,3,3,3,3,1,3,2,2,3,3
17
4,12,6,20,28,36,44,47,13,36,3,21,10,33,44,15,8
2,0,2,3,0,2,1,1,0,3,0,3,0,2,0,1,2
24
30,6,45,29,35,48,25,10,5,41,28,27,14,28,5,47,11,15,45,37,8,21,32,25
2,3,3,2,3,2,2,1,2,0,0,1,3,1,1,1,0,2,3,0,3,3,3,3
24
16,15,21,39,48,42,10,37,24,29,1,0,37,36,8,4,49,23,26,29,14,46,8,45
0,1,2,1,0,2,0,2,2,1,0,3,2,2,0,0,1,0,1,1,2,2,1,1
25
15,41,5,19,10,7,19,31,32,5,27,7,13,2,1,21,32,42,20,5,39,6,5,49,43
0,1,0,3,0,1,1,3,1,1,0,2,0,2,0,1,3,1,2,3,0,0,0,0,0
15
3,20,0,37,11,26,13,14,23,17,16,8,46,17,17
0,3,2,0,0,0,1,2,0,3,0,1,3,1,3
29
41,48,10,43,9,48,2,38,26,34,48,39,30,20,21,18,13,36,44,49,22,25,42,43,39,11,0,49,33
0,0,2,2,0,0,0,1,2,0,1,0,1,3,1,2,1,2,1,1,3,3,3,1,1,0,2,1,3
26
38,37,28,39,6,7,40,32,31,34,17,42,15,17,37,24,33,3,4,13,0,21,45,20,12,47
2,0,1,0,0,1,0,2,3,0,3,2,2,1,0,3,3,0,3,0,1,0,1,3,0,1
31
40,19,20,33,48,29,5,34,26,19,48,37,39,13,9,41,14,39,42,47,2,14,44,30,10,45,38,18,14,37,19
0,2,3,3,2,3,3,0,2,2,0,0,0,0,0,0,1,1,3,0,2,1,2,2,0,2,2,3,1,3,3
47
9,32,10,39,5,16,35,5,46,9,48,41,4,18,6,23,41,18,10,2,29,42,37,5,46,34,21,10,7,26,28,7,22,28,15,34,7,7,44,32,41,4,36,16,21,13,37
2,3,3,2,3,3,3,3,3,2,3,1,2,3,3,2,3,3,1,3,3,3,3,3,2,1,3,3,1,3,2,3,3,3,2,2,3,3,3,3,2,3,3,3,3,3,3
40
37,6,37,7,33,8,24,26,40,6,31,8,16,34,47,15,1,42,30,15,46,32,20,16,34,6,28,10,29,17,45,15,5,1,42,42,9,3,48,9
3,3,3,3,3,3,3,3,0,3,3,3,3,1,0,3,2,3,3,0,2,2,2,3,0,2,3,1,1,3,2,2,3,3,1,2,2,0,1,0
38
33,15,36,29,22,35,27,0,7,41,14,33,18,43,29,9,43,26,19,24,8,39,33,20,23,6,3,7,12,20,34,4,7,1,23,41,15,3
2,0,0,1,1,0,0,1,0,0,1,1,1,0,2,0,1,1,2,2,2,0,1,0,2,0,1,0,1,3,1,0,2,2,0,0,2,0
10
33,25,31,11,5,19,18,15,3,31
3,3,3,1,3,3,3,0,1,3
13
31,46,5,25,5,34,40,42,4,13,1,39,12
3,2,1,1,2,0,1,0,0,0,0,0,0
16
48,24,14,6,46,3,33,44,43,41,18,46,48,37,26,4
0,1,0,0,1,0,2,0,0,0,0,0,0,0,0,0
39
0,37,40,24,33,7,19,29,3,20,26,9,22,32,10,40,18,10,3,22,4,48,49,4,17,16,2,42,48,7,39,22,22,1,38,20,23,37,19
0,0,1,2,3,2,2,2,1,1,0,0,0,0,0,0,2,0,0,0,0,1,0,0,1,0,0,0,0,0,1,0,0,0,0,3,0,3,0
17
3,7,22,15,47,33,21,48,22,4,36,43,6,36,25,27,3
0,0,0,0,0,2,0,0,0,0,0,0,0,0,0,3,0
33
25,24,19,39,40,41,43,1,41,34,32,16,21,0,36,29,45,5,40,13,35,32,37,38,5,25,23,32,7,43,42,33,33
2,2,3,2,0,0,1,1,0,0,3,0,1,2,1,0,2,1,0,1,1,1,2,1,0,1,1,1,2,0,0,2,2
46
9,40,26,41,11,21,3,28,35,44,13,11,44,19,44,22,21,33,20,8,9,48,9,44,29,32,1,48,31,44,16,27,44,16,13,9,33,13,16,36,21,17,34,47,17,29
1,1,1,1,1,1,0,3,3,2,0,0,3,0,1,1,1,3,2,0,2,2,0,0,2,3,1,1,3,1,0,1,3,2,3,2,3,0,0,3,0,0,1,2,1,3
14
42,36,11,13,43,8,6,15,27,6,13,31,7,26
3,3,2,3,3,3,2,2,3,3,3,3,3,3
23
14,20,13,39,17,48,38,19,0,8,8,42,37,38,28,14,19,37,40,29,46,25,5
3,2,2,1,1,2,3,2,3,3,2,0,0,1,2,3,2,3,0,3,2,2,2
38
44,19,16,34,44,38,36,42,22,17,35,19,6,35,41,0,48,36,48,34,40,2,34,28,8,36,41,46,24,11,37,6,6,3,44,46,30,49
0,2,3,1,0,2,2,0,0,2,2,0,3,2,0,2,1,2,1,2,0,2,0,3,0,3,0,2,3,0,1,0,2,0,0,3,1,0
13
49,42,47,3,18,37,24,7,17,17,47,6,16
0,3,2,0,3,3,3,3,3,3,2,3,3
21
36,19,0,8,46,23,33,35,3,28,22,34,15,7,26,38,11,43,3,46,24
0,0,0,0,1,0,0,0,0,0,0,0,2,0,0,0,0,0,0,0,2
29
8,10,16,13,17,17,43,49,7,28,7,25,27,7,19,46,7,13,12,39,16,25,5,16,3,24,6,16,21
2,1,2,0,2,2,0,0,0,1,1,1,0,0,2,2,2,0,2,0,3,3,3,3,0,2,1,1,1
27
47,39,31,18,4,43,5,11,46,41,16,38,6,10,33,1,13,17,47,42,8,38,3,47,13,10,29
1,1,3,2,3,1,1,1,3,2,3,2,3,3,2,1,2,3,3,1,3,2,1,2,1,0,3
32
18,19,33,37,16,43,4,1,40,33,19,45,46,1,27,17,43,38,47,34,14,46,38,39,38,2,18,22,18,17,29,38
0,1,1,0,0,1,0,0,0,0,0,0,1,0,0,1,0,2,0,0,2,0,0,0,0,2,0,0,0,0,0,0
15
45,10,30,20,21,0,20,44,19,8,26,28,42,32,44
3,0,2,3,3,3,3,3,3,3,3,3,2,2,3
46
32,36,2,0,18,5,9,36,11,43,16,26,1,24,45,43,27,44,36,36,16,4,18,3,38,48,42,37,44,43,29,31,36,26,31,41,10,40,12,34,16,29,17,36,47,29
3,2,3,1,2,2,2,2,0,2,1,2,0,3,2,0,2,0,3,3,3,0,2,0,1,1,1,2,3,1,1,2,2,1,1,0,1,0,1,2,0,2,3,2,2,2
19
3,24,12,16,39,7,22,6,31,23,0,46,46,35,26,5,41,30,11
0,3,0,0,3,2,0,1,2,0,3,2,2,2,0,0,0,1,0
10
33,19,35,33,33,12,5,35,24,26
3,2,2,3,3,0,3,2,3,2
26
30,27,0,1,32,39,28,3,17,23,31,8,46,15,20,29,2,32,30,44,13,5,4,28,36,35
2,2,3,2,3,3,3,1,3,2,3,3,3,3,3,3,3,3,3,3,3,3,2,2,3,3
45
41,15,49,3,7,35,9,29,35,15,29,43,9,10,33,15,18,43,3,48,43,30,47,34,33,25,38,5,32,46,26,11,44,7,8,0,4,6,17,39,23,25,9,39,43
1,3,2,1,2,2,1,3,2,0,3,1,2,0,3,1,3,0,1,0,0,1,0,0,2,2,1,3,1,2,2,2,3,3,0,3,2,3,2,2,1,2,1,0,1
25
27,29,43,40,38,41,26,16,49,25,6,34,14,15,20,16,44,25,34,19,19,22,4,8,22
0,2,1,3,1,0,1,1,1,3,0,1,3,1,3,1,2,2,0,3,2,2,0,2,2
39
2,29,28,0,15,41,30,9,29,42,25,11,39,4,8,10,46,22,16,42,12,16,22,38,8,17,17,29,41,43,25,17,20,40,40,41,32,42,13
3,2,2,2,3,1,1,0,3,0,2,0,1,0,1,0,3,1,0,3,0,3,0,1,1,2,0,1,1,0,3,1,3,0,0,0,3,1,1
19
42,1,30,27,15,0,21,0,30,21,33,11,22,27,49,11,26,22,0
1,0,0,0,3,1,1,2,2,0,0,0,0,0,0,0,1,1,0
39
49,23,4,12,35,8,17,34,30,23,42,3,40,25,43,41,9,40,41,8,0,15,45,12,37,13,39,22,17,27,19,0,11,26,42,12,3,24,5
1,3,2,0,3,3,3,2,2,1,1,1,1,2,2,0,0,0,0,2,2,2,2,1,3,1,2,2,3,1,3,3,1,3,1,3,0,2,3
21
27,31,48,23,36,28,41,17,2,12,12,41,28,1,27,47,3,4,38,40,4
0,2,0,0,0,1,0,1,0,0,0,0,1,0,2,0,0,0,0,0,0
18
14,22,43,44,21,35,9,27,34,28,4,3,14,29,25,22,38,28
2,2,1,2,2,0,0,0,0,3,0,0,2,2,2,2,3,1
48
27,5,11,2,47,19,40,41,44,7,25,37,27,34,43,40,40,42,37,1,6,40,24,49,31,11,10,9,34,43,3,41,1,43,27,42,45,46,13,43,28,1,33,32,19,46,29,41
0,2,1,1,0,2,1,0,3,1,3,2,0,0,0,1,0,0,2,0,1,1,2,0,2,1,1,0,1,0,0,0,0,1,0,3,2,1,1,0,1,0,1,2,3,2,3,0
20
12,32,37,47,1,45,22,49,48,19,49,29,14,1,29,24,3,0,7,13
0,2,3,1,0,3,2,2,1,1,1,3,1,2,2,3,0,3,1,2
22
1,1,42,24,27,47,48,25,34,27,32,17,13,40,8,43,29,2,33,32,26,8
0,0,1,3,0,0,1,3,1,0,2,2,3,0,1,0,3,3,2,2,3,1
47
0,19,4,39,43,31,0,44,40,39,44,1,30,46,45,25,8,29,45,7,4,38,3,39,35,20,32,25,39,38,10,20,47,21,48,36,6,41,12,19,14,37,33,35,45,24,28
3,3,0,0,3,3,2,3,0,1,3,1,0,3,3,2,3,3,3,2,2,3,1,1,1,3,2,3,2,3,1,3,1,3,3,3,3,0,0,3,3,2,3,3,1,3,3
24
26,18,14,44,6,42,39,15,23,22,10,23,4,38,47,29,15,19,28,16,18,25,14,24
0,2,0,0,3,1,1,2,0,0,2,1,0,1,0,3,0,0,0,0,1,1,3,3
16
45,15,49,13,32,5,20,9,31,5,1,38,48,26,13,22
2,3,1,1,3,3,3,0,2,2,1,0,0,0,2,2
12
42,34,6,26,41,32,3,25,7,19,16,4
0,0,0,0,0,1,0,3,0,1,2,0
13
27,24,49,35,41,2,30,36,11,36,36,3,29
3,3,0,2,0,3,0,1,1,0,1,0,2
14
25,35,15,4,25,18,5,23,30,30,6,9,38,21
1,2,0,1,1,3,3,1,2,3,2,3,1,3
45
5,14,3,5,1,35,49,14,11,39,43,40,6,21,7,41,10,1,29,3,24,20,24,8,7,4,45,27,1,20,48,7,33,22,14,26,1,27,10,45,20,41,31,31,6
1,3,0,2,0,1,1,3,0,1,1,0,2,3,0,1,0,1,2,0,2,2,3,3,1,2,2,3,1,2,3,1,3,3,3,3,2,2,3,3,2,1,3,2,2
15
0,41,39,28,48,34,34,29,34,38,21,42,27,17,31
1,0,0,0,0,0,0,2,1,2,0,3,0,0,2
15
26,27,10,8,27,18,38,20,30,41,6,36,24,27,35
2,2,1,3,1,3,2,3,3,1,1,3,3,2,3
24
20,14,48,4,4,24,23,36,30,45,33,40,13,26,46,3,22,37,45,4,26,42,13,6
3,3,2,2,3,3,1,3,2,3,3,1,2,3,3,1,3,3,3,3,3,3,3,2
32
0,21,6,44,31,27,49,31,32,42,12,27,8,47,42,2,16,33,31,8,40,47,0,48,41,19,4,39,44,20,4,3
1,3,1,3,2,0,0,2,3,0,1,0,2,1,2,2,1,3,3,0,0,1,3,0,0,2,3,0,2,2,1,0
17
3,29,35,8,40,11,13,34,5,46,22,3,0,8,47,8,43
1,3,3,3,2,3,3,1,3,3,3,1,3,3,3,2,3
28
1,3,33,6,46,48,13,42,31,16,36,13,16,31,1,38,3,39,29,29,32,41,0,32,35,48,30,36
0,0,3,2,3,0,0,0,1,0,2,1,0,3,0,1,0,0,1,3,3,0,0,3,1,0,0,2
47
3,45,7,17,44,7,30,30,27,47,36,2,44,14,3,34,33,35,5,3,48,29,38,17,21,9,48,28,22,3,18,25,6,12,2,39,10,15,19,22,22,31,40,41,37,2,7
0,2,0,0,0,0,0,0,0,0,1,1,0,3,0,0,2,1,0,0,0,3,0,0,0,0,0,1,1,0,1,0,0,0,0,0,0,0,1,0,0,1,0,1,0,1,0
22
46,12,35,21,8,18,6,14,16,45,13,40,47,1,13,3,2,2,10,4,47,28
1,0,0,0,0,1,0,0,0,0,0,0,0,0,1,0,0,0,0,0,0,0
44
11,35,20,47,42,7,26,8,27,29,13,22,28,25,21,14,8,25,16,8,2,15,12,25,16,31,23,35,21,8,21,40,49,45,19,2,35,32,17,35,9,35,20,24
2,3,2,3,3,2,3,2,2,3,3,2,1,3,1,3,3,3,1,3,3,3,3,3,3,3,2,3,2,3,3,0,2,3,3,3,2,3,3,3,2,3,3,3
45
48,38,47,48,19,46,8,22,44,6,30,10,39,16,35,25,35,17,30,48,34,40,27,25,5,33,27,43,46,8,28,33,11,15,6,30,32,6,2,19,4,2,46,37,14
2,2,1,2,3,3,3,2,3,2,2,2,1,3,2,1,3,3,2,1,1,0,0,3,3,3,3,0,2,3,3,2,0,0,1,3,3,2,3,3,0,3,3,1,3
37
9,3,32,16,10,6,16,27,16,40,9,25,5,16,15,38,25,3,19,48,40,10,22,32,30,6,21,4,36,0,5,44,46,3,29,29,16
1,1,3,0,0,0,2,1,2,0,2,2,1,1,2,1,1,0,3,0,0,1,2,3,1,1,1,3,2,2,0,2,2,0,2,1,1
14
49,29,38,34,47,16,30,1,15,20,29,0,13,15
2,3,3,0,1,3,2,1,3,3,1,2,2,2
36
41,43,6,45,41,7,14,15,7,35,31,16,35,21,31,10,44,5,21,13,27,38,11,26,0,9,32,15,38,5,24,49,19,35,22,15
0,0,1,1,1,1,2,0,0,2,2,0,0,0,2,0,0,2,0,0,0,1,0,0,1,1,0,0,1,3,2,0,0,0,0,0
45
47,22,9,0,10,48,49,19,27,21,19,46,37,15,1,24,26,2,22,31,16,39,19,29,27,46,44,22,18,24,23,0,27,28,43,49,49,34,49,16,10,36,6,25,22
3,3,3,3,3,3,2,3,3,3,3,3,1,3,2,3,3,3,3,3,3,1,3,3,3,3,3,3,2,3,3,3,3,3,3,2,3,2,3,3,2,3,3,3,3
23
11,28,14,7,38,8,45,27,26,6,43,13,10,31,27,5,34,5,23,8,1,37,13
0,0,2,3,0,0,2,0,2,2,0,2,0,3,1,2,0,1,2,3,0,0,3
17
45,29,40,4,29,43,9,32,23,18,29,24,10,48,34,0,16
3,2,0,0,3,0,2,3,2,1,1,3,0,0,0,1,2
47
35,49,26,16,6,8,34,8,35,29,30,18,40,22,19,5,42,23,46,21,5,23,41,21,17,15,35,12,36,23,18,49,19,26,16,15,0,20,26,0,29,19,23,45,1,14,28
3,2,3,2,0,3,2,3,3,2,3,0,1,3,2,3,3,3,3,2,3,1,0,3,3,1,0,2,3,1,1,2,2,1,3,2,3,3,2,3,3,3,0,3,3,3,2
15
11,28,12,25,3,14,15,18,46,25,31,5,5,4,1
1,0,0,3,0,2,2,3,2,3,2,3,3,0,3
25
26,1,19,19,19,18,17,12,16,32,27,4,27,24,19,20,12,5,28,41,8,28,37,0,29
0,2,1,2,3,1,3,1,1,3,0,2,1,3,2,2,2,3,1,1,2,1,3,3,2
35
29,11,13,38,3,11,23,39,30,0,36,0,14,12,28,44,3,14,43,39,47,11,24,26,5,22,14,38,4,22,14,24,29,43,42
2,1,0,0,0,0,1,1,1,0,2,1,1,1,0,0,0,1,0,0,0,0,2,0,0,0,3,1,2,1,2,2,0,0,1
14
34,12,26,11,29,49,31,30,4,36,1,37,6,0
0,1,2,0,3,1,1,0,0,3,1,3,2,3
31
10,10,44,3,32,17,30,43,27,41,21,39,2,6,19,42,6,6,28,25,40,2,42,16,39,19,33,32,15,22,3
2,2,3,3,3,3,3,3,1,1,2,2,3,3,3,1,3,3,3,3,1,3,3,3,3,3,3,3,3,3,3
30
24,33,30,26,24,41,31,43,10,46,25,35,36,32,32,41,35,12,13,36,42,39,0,4,29,17,44,36,38,11
3,3,2,2,3,3,3,0,0,3,2,3,3,3,3,0,3,3,2,3,3,1,3,2,3,2,3,3,2,2
15
26,35,35,23,5,42,32,1,40,15,37,8,4,9,29
3,3,3,2,3,2,3,2,1,3,1,3,0,3,3
33
17,8,25,23,5,11,35,8,9,2,48,28,6,25,7,42,12,34,18,45,21,15,14,1,37,20,29,6,30,40,40,48,34
0,0,1,2,3,0,1,1,0,1,0,0,1,1,1,2,0,0,1,0,0,0,0,0,1,1,3,1,1,0,0,0,1
11
9,42,42,36,45,2,22,33,17,32,32
1,0,2,2,1,1,0,3,3,1,3
19
4,19,12,36,9,2,33,33,29,36,3,33,31,20,40,23,8,40,23
0,2,0,3,1,2,3,3,2,3,1,3,3,2,0,0,1,0,0
38
48,45,26,30,33,11,36,24,1,29,43,8,22,8,19,0,38,22,17,41,31,46,8,10,0,10,32,29,4,49,0,9,12,26,7,27,44,1
0,1,3,1,3,2,2,3,0,1,1,3,1,2,2,2,2,1,2,0,3,2,2,0,2,0,3,2,0,2,1,1,0,2,3,1,1,0
31
3,34,7,33,21,24,24,39,39,16,15,47,47,38,14,16,34,32,39,38,17,29,22,36,46,6,9,15,27,22,33
1,1,1,3,3,3,3,2,3,3,3,2,3,3,3,1,0,3,2,3,3,3,3,3,3,3,3,2,3,3,3
12
15,40,48,19,43,23,33,47,22,37,1,40
0,0,0,1,0,1,1,0,0,0,0,0
35
21,10,0,4,48,42,45,40,41,35,1,5,26,25,34,12,11,17,37,41,5,27,27,24,4,14,46,43,8,44,47,1,48,8,25
3,1,3,2,2,3,3,2,1,3,2,3,0,3,3,2,1,3,2,0,3,3,2,3,2,3,3,2,3,3,3,2,1,2,3
27
5,44,36,20,25,14,43,29,10,7,4,7,4,9,14,37,49,2,40,9,6,23,25,33,7,38,4
3,3,3,3,2,3,1,2,0,1,1,1,0,0,2,3,0,3,2,0,2,2,1,1,0,1,3
41
29,28,35,8,22,2,21,39,44,30,21,10,41,42,2,13,45,18,30,35,31,25,0,1,5,44,13,27,32,24,39,17,45,33,11,26,23,32,14,42,31
0,0,1,3,1,3,0,0,0,0,1,0,0,3,1,1,2,0,3,0,3,1,2,0,3,0,0,0,0,3,1,3,2,3,0,2,0,2,3,2,3
48
27,27,16,36,43,18,26,49,11,2,3,46,46,10,33,17,34,17,45,5,33,32,7,41,19,49,19,42,17,26,47,4,6,21,33,42,12,31,23,15,13,38,6,43,11,19,32,5
0,0,0,0,0,0,0,0,1,2,0,0,0,0,2,0,0,1,0,3,1,1,0,0,0,0,0,0,1,0,0,0,0,0,2,1,0,3,0,0,0,0,1,0,1,0,2,2
49
44,41,43,20,2,1,10,23,49,23,20,24,3,39,42,46,22,23,20,1,22,14,25,25,27,25,44,1,34,31,29,45,19,12,26,22,15,30,11,32,37,44,31,1,49,48,22,31,14
0,0,0,0,0,0,0,1,0,0,1,1,0,0,0,0,1,0,2,0,0,0,1,0,0,0,0,0,0,2,0,0,3,0,0,0,1,0,0,0,2,0,1,0,0,1,0,2,0
13
12,9,15,18,5,25,8,45,9,39,2,48,18
0,3,1,2,2,3,1,2,1,1,3,1,2
13
6,2,24,47,8,22,22,48,25,39,17,23,26
0,0,3,0,1,1,3,1,0,0,1,0,1
18
1,9,16,30,0,17,5,37,40,41,46,3,39,3,34,3,0,40
0,0,0,1,1,1,1,2,0,0,2,0,0,0,0,0,1,0
40
44,7,24,40,12,17,49,40,33,35,49,16,11,15,12,10,13,41,27,23,16,8,45,29,36,2,7,17,29,2,33,42,27,36,24,29,6,45,28,1
0,0,2,0,0,1,0,0,0,0,1,0,0,0,0,0,2,0,0,1,0,0,1,1,1,0,1,1,2,0,3,0,0,0,3,1,0,1,0,0
